50,40,30,20
0.142886861423 0.403327617626 0.397168233307 0.419461040408 0.211776969945 0.308021523465 -0.109148631056 -0.391490109448 -0.0961177791235 -0.397620482829 -0.500816359593 0.346417670809 -0.528590761473 0.196755223453 0.159479845881 -0.181770059951 -0.108107919833 -0.381873858619 0.151730116399 -0.110299829676 0.153312849316 0.188359114722 0.0514295914984 -0.435313174251 0.0739903893646 0.179757278656 0.462607431414 0.383874275804 -0.434779192301 -0.121581891934 0.0925694064759 -0.418538241611 -0.464145345116 0.0749130756263 0.325547238323 0.225259956896 -0.416080728057 0.00924342479052 0.257550073964 -0.21730672361 0.256622173622 -0.499608373493 0.336871265335 -0.29431893517 -0.324341567776 -0.373534508898 0.421348741 0.0791713823162 0.24094091014 0.355396233014
-0.0645410189452
-0.0406742258558 -0.219638512627 0.277977807645 0.353245322913 -0.0786124295495 0.197629914636 -0.18900280415 -0.474769944646 -0.422708794299 0.407500071796 -0.24123417267 -0.363092210684 -0.102063361207 0.30916638508 -0.00599738290047 -0.310277285095 -0.190624576024 0.281894336817 -0.336940303224 0.2990744399 0.00881733077293 0.164832634128 -0.295627953264 0.288331119858 0.189676306329 0.46974908554 0.235420736826 -0.255100535537 -0.225408575846 -0.132131341024 0.0692490554276 0.198003081626 0.335238695357 -0.32832488243 0.262697851499 0.463146738032 -0.28998529453 0.375639491645 -0.309388990309 0.0722528982714 -0.131651435642 0.394452306945 0.378927457688 -0.451327474342 -0.31042521757 0.235875704798 0.494950599367 -0.434954552641 0.140762591921 -0.304148984535
0.00402571193695
0.39221534174 0.121608071402 0.251503545522 -0.369779848595 -0.0602877815387 -0.042452885228 0.388009582301 -0.0157408075668 0.180831999338 0.336568892506 -0.124451253247 -0.401450124856 -0.092846815997 0.401408268543 0.289495762174 0.0774430710143 -0.0907776725388 -0.260750969811 -0.141091820412 -0.472763698584 0.262739973825 0.0130402068747 0.217785454226 0.32662540935 -0.343746325727 0.226086091973 0.505118951165 0.126158704693 0.0915273592167 0.231468029883 -0.279781077434 -0.399351188555 -0.467985336872 0.247479626484 0.362802149303 -0.273687972826 -0.105505609351 -0.466736205422 -0.462059351505 -0.393787050574 -0.453081061713 -0.177602318656 0.361180429797 0.247704499925 0.275544058029 0.496663291877 -0.238568462156 0.489808214951 -0.182393391217 -0.00577811196132
0.0368811949962
0.0655575600623 -0.0966679779643 0.268559254283 0.139322836234 -0.456560566254 0.304712481474 0.098685541505 0.259455814368 -0.105397088718 -0.424950578868 0.568258112874 -0.119060596373 0.0878759904426 -0.25230039977 -0.223451379863 -0.292626337871 0.362692097458 0.322703364187 -0.165503019628 0.277953332991 0.10139698774 0.18121875447 -0.0493734914499 0.0605820063374 0.136292380435 -0.0442672968563 -0.259760923659 0.533488442839 0.447544096469 -0.336431395353 -0.340256807035 0.264228746808 -0.0768362443073 -0.14753052713 0.368216009723 0.118856479576 0.162980966015 0.0265231765965 0.0308330667242 0.147403205125 0.133048489532 -0.407691836945 0.0602756550343 -0.0815831141584 -0.122901079216 0.257682115528 0.420061088978 -0.283491732077 0.428543148848 0.490251318169
0.144882084726
0.0544899347186 0.0710653844504 -0.326901074903 -0.0566545392152 0.134708139334 0.303788512983 -0.491009256672 0.132083034129 0.482042892251 0.484067402285 0.270941122264 0.046018665832 0.246767367443 -0.0713137482831 0.412051893065 0.374484124921 -0.403138621309 -0.293834019226 -0.055184648927 -0.0255441381101 0.315704644548 0.296949298273 -0.117171119101 -0.0158054673426 0.421139264657 -0.150820189054 -0.426155431825 -0.18653134979 -0.175692117643 -0.144476849015 0.152887284916 0.196035098935 -0.457780601812 -0.136794746665 -0.0446977587229 -0.27481802068 -0.358743163459 0.473469230198 0.106050856266 -0.497043582958 -0.178251070089 -0.405237152756 0.299782526731 0.0677956642843 -0.28317476237 -0.298767988243 -0.0896411495123 0.255211844075 -0.286294885003 0.356342640756
-0.00731406925304
-0.0607138770885 -0.249491600993 0.488039912692 -0.0467110289695 -0.336384269881 -0.153439264988 -0.0828221742844 -0.398624011009 -0.450936413653 -0.153659706006 0.241638363122 -0.0413713955289 -0.0479601161576 0.310747663214 0.0832014515183 0.132268069934 -0.258220465248 -0.207468339946 0.0265393747345 0.0746047857199 0.239223674031 0.2094506234 -0.0175981629095 -0.322262864593 0.151485068321 -0.25265058989 0.302334704801 0.484589722544 0.112766707801 -0.446057331822 0.314151090401 0.195466971488 -0.331513648495 0.248019220875 0.323504371484 -0.452847366829 0.516722701496 0.257115087082 -0.386424758573 0.250196408651 -0.293072996068 0.393195971441 -0.0299511086521 -0.125356447083 -0.479200747417 0.278696861567 0.160177124491 0.509752603733 -0.304692242236 -0.107098130279
0.0582910540201
-0.320435684877 0.175157795706 -0.450026226586 -0.443790169437 -0.212248116206 0.31915625487 -0.437147137548 -0.197396646315 0.466809701095 -0.256198101198 -0.036048252318 -0.115873515527 0.233797027518 0.457710371465 -0.478116618338 -0.388138285034 -0.0913473597486 0.338601429502 0.130707584199 0.329575476259 0.193658997785 -0.442930316835 -0.432880820808 -0.126412489087 0.00224088647929 0.426061250467 -0.394721262822 -0.266479872908 0.165215996187 -0.285678033657 -0.464281800173 -0.227482218203 -0.415182656821 0.0400903271613 -0.204330259684 -0.0920281805924 0.123526225598 0.187753797737 0.336718298877 -0.376940730641 -0.146428197434 0.182756789697 0.00199915595322 -0.353374253626 -0.414161133303 0.437077329425 0.346227781124 -0.477077837298 0.0579705574394 0.155539148878
0.0260907120163
0.364919430704 -0.14980005489 0.235360311731 -0.000159219669626 -0.373743788008 0.126391776733 0.272127224663 0.22538139218 0.29164736679 0.460496522687 0.485113292709 -0.154431552013 0.160851995587 0.159420906985 -0.206682040312 -0.391581124811 0.00610631534348 0.169270444194 -0.122872565833 0.240826520066 -0.368582171564 -0.0777951712644 -0.218277004201 0.286341268671 -0.352799501983 0.468200598181 0.317914818571 0.189625313281 -0.0328755572003 0.505827296866 -0.122745427074 0.125618345482 0.049159990878 -0.322247185211 0.0749719710827 -0.123122417571 0.119035988144 -0.0229330122227 -0.0011902618024 -0.356244629347 -0.182179614313 -0.305077221021 -0.132909258637 -0.330022024511 -0.240584823051 0.29762182072 0.395226244219 0.326580795516 -0.373747924375 0.361914099008
0.158372388623
-0.0155155999393 -0.449547253182 -0.112635918233 0.455820912317 0.464817434112 0.425331416403 0.456712701082 -0.418873069571 -0.33816328474 0.479357130995 -0.0675221883714 0.382184748032 -0.013670535767 0.00672053736376 0.110902319146 0.18485851383 -0.450397846405 0.518456140972 0.433671260413 -0.186699314411 0.27691575608 0.0421882003661 0.00848915459485 -0.16306409835 -0.174219303356 -0.140058046963 -0.253444984917 -0.18319374477 0.199254496175 -0.238549407995 0.291020282576 0.0629143334098 -0.107226384736 -0.294915768488 -0.203619264821 0.175013988405 -0.244218419444 -0.17997108144 0.20078805502 0.265619171681 -0.0426378830933 -0.125888682767 0.0102990958413 -0.330111533292 -0.0843067227819 -0.0064990319737 -0.301788004056 -0.0849397593896 -0.487146397958 0.30604706055
0.065505676844
0.472979302624 -0.131328394728 0.218791971102 0.185937780953 0.375113527038 0.442932660201 0.00672771669383 -0.235015485453 0.344297024053 -0.212400610433 -0.029309959064 -0.108774795924 -0.153420590905 0.425084207944 -0.295346652608 0.215888060231 0.378352744809 -0.158523211091 0.351348005675 -0.472421626267 -0.370410879985 -0.0145363780187 -0.344959314214 -0.403440326865 -0.236793419638 0.219235159974 -0.312624958441 -0.146115073773 -0.383274543686 0.0853290545343 0.227520871037 0.163809185051 0.0113546459563 0.48645239419 -0.418691865649 0.184077565187 0.408258356956 -0.326898660378 0.141240143737 -0.145784383289 0.241036426121 0.498738012743 -0.444664876275 -0.0999851615974 -0.0551645146687 0.301105836004 0.482354050465 0.501285467641 0.43766477953 0.427982843493
0.110537065815
0.170528287784 0.504735476928 -0.10885376953 0.142416351458 -0.0450983188593 0.112226439097 -0.110102012807 -0.30016353682 0.278402679397 0.455491661974 -0.197043280662 0.223786165235 0.320979097437 -0.31856011503 -0.0459181276732 -0.321386463729 0.352842744951 0.291948890576 0.126012303986 0.351563762536 0.112372263998 0.373405932317 -0.286747172584 -0.0400302636061 -0.0884245376039 0.372224529708 -0.278846637842 -0.112284504029 -0.137148030786 0.188358756627 0.171273084399 -0.392862132641 0.0306420472149 0.48282750785 0.279783490876 -0.143465960499 0.0286485716797 0.26668929898 -0.221293070424 0.0737144158103 0.151966107722 -0.0448940900916 -0.387872880266 0.348836523582 -0.320885624979 0.392943740005 0.23464022843 0.0680749156018 0.149952030204 0.08503251092
0.0704381056587
-0.251833758937 -0.0622248190806 0.45530975669 0.422476222408 -0.493946805117 0.324305408722 0.203335484655 0.249775872898 0.28325421648 -0.216222466616 -0.0956427969213 -0.39727845729 -0.442044678902 0.460719270633 0.291297091272 0.37324434443 -0.0266191454784 0.134429382223 -0.464970187976 -0.222859601336 -0.113925227838 -0.246145042159 0.202932016338 0.478325618144 0.0437172354635 0.342031899604 -0.037237623221 -0.351519533704 0.440730770868 -0.277477889482 0.0889228136274 -0.347038153537 0.481983767833 -0.482485165887 0.351217159341 -0.105884121483 -0.171630885011 -0.00344157315044 -0.369806931847 -0.133659831302 0.0646328010724 0.451308097237 -0.329374237658 0.291375061749 -0.320678744683 -0.198410942719 -0.265832248718 -0.0494768070628 0.0129217062593 0.21642286891
0.0118145972127
-0.461421770829 0.264403087159 -0.226401425512 0.194258878406 -0.0672421609533 0.0605225634773 -0.363049483963 -0.183336215164 0.236246430846 0.41141010468 -0.241091586739 0.472631759062 0.052096356336 0.292722341054 -0.460169059877 -0.40228476155 0.0574358537874 0.267693198175 0.0224577727146 -0.176483603386 -0.273227765542 -0.11482166599 -0.00358257762219 0.0220870028613 0.0443698258034 -0.407779157027 0.0150656812622 -0.431000015109 0.391797094058 -0.0207734728106 -0.278328491767 -0.467415954155 -0.0378983000627 -0.0478365279537 0.0614034620016 -0.424414012559 -0.254191527192 -0.463593380677 -0.126019970839 -0.337309853172 0.460612949568 0.0104982957348 0.298813318645 0.0868133098296 -0.332707367552 -0.374065507239 0.360211963113 -0.122966232571 -0.423201228041 -0.0854663557754
-0.0292282852424
-0.353776603864 0.378827161296 -0.0379406663964 -0.10904059051 0.0928182566568 -0.3203262234 -0.149416616119 -0.32274963476 -0.444075314515 0.135764464806 0.12897754149 0.0579026709494 0.210711000094 0.278873924241 0.455074806364 0.371894326867 0.256021551566 0.0829421640655 -0.287518453667 -0.0920767138058 -0.125723499761 0.217948945063 -0.419670107685 -0.505645286857 -0.239338865592 0.376969995662 -0.471448924688 0.0992365850897 0.0731521084575 -0.33662200495 0.453748414037 0.228077758475 0.0660569511101 0.0898159007489 -0.200202824748 -0.49375627238 -0.416424543513 0.238043329392 -0.172288872008 -0.17487131373 -0.0741954943512 0.00778232256889 -0.404354453127 -0.00824820410019 -0.337476831308 0.413839687633 -0.523155852954 0.385227725082 0.46970074575 -0.0456076291629
-0.0991713862709
0.118991744213 -0.0835611379419 -0.3419345215 -0.352799351763 -0.05606949991 -0.240640423788 -0.201028276634 -0.3631702045 -0.384917089672 0.474514909935 -0.30300799342 0.193454898217 -0.421468352929 -0.284424514009 0.427294573418 0.0839425909382 -0.224333143696 -0.335179412141 0.178399897791 0.264815091251 -0.377634397615 0.515194362723 0.521357635819 0.391558625781 -0.0527514208386 0.398307952889 -0.054362447899 -0.330699384149 -0.0586156742052 -0.163674166446 -0.442522980058 -0.211038075583 0.0318333567966 0.265065442387 -0.0367403698206 -0.0305519157524 -0.15179899167 -0.301607335025 -0.112574400601 -0.373356389587 0.0477310059349 -0.0869435264324 -0.199881287335 0.13704336147 -0.297949016861 0.395927141118 0.211051244998 0.110711197315 0.220269067841 0.178755942668
0.0375300611659
0.251292560331 -0.221091279093 0.467271866558 0.000834197917032 -0.00383144340222 0.56780660075 0.393785935211 -0.145231020444 -0.178843050295 -0.159181321854 -0.100691650302 0.423845120469 0.355243855275 -0.439600686329 0.488928729089 -0.0667622913998 0.551913726065 0.0163092714835 -0.220476835939 0.277598793724 0.310291497147 -0.256223518449 -0.0965921776871 -0.222329352073 0.325922120456 -0.183702876516 -0.32412032357 -0.277103340984 0.414550172533 0.0906283958481 -0.272625480944 -0.270480539868 0.0549730930735 0.334523973339 -0.207125686608 0.317659041584 -0.397030900452 0.4046976998 0.19825139711 -0.077951335755 -0.37084732497 -0.155186736351 -0.0789067197358 0.0514345883071 -0.00967332281781 0.538110081648 0.214589898722 0.149855149578 -0.088729492866 -0.320658808797
0.10987620703
-0.100178600335 -0.327028657127 -0.0179616780835 -0.349146609572 -0.167357326219 0.478483391357 0.0527574058901 -0.455574827365 -0.253743206255 -0.457605036049 0.402616654927 0.327695958058 0.50013734065 0.333248432161 -0.113163474603 -0.302847502765 -0.436426379501 0.212387970576 0.123925121359 0.160758743483 -0.323048780141 -0.446657978566 0.452023730567 0.269957467376 -0.0414416511412 0.130456465586 0.281344621566 0.383608532071 -0.25462544477 -0.012344969314 0.0871753135472 0.363942345326 -0.399658087023 0.151914111822 -0.242503097492 0.248331895859 0.417930070869 0.400536473081 -0.118919748289 0.453373179818 -0.331952061603 -0.00615984068438 -0.0104192994161 0.291503235495 0.0552272632135 -0.419710102157 0.0829565762781 0.285989287132 -0.370126455125 0.174065136632
0.0396071062921
0.15219786142 0.218994043279 0.418010488794 0.106446857457 -0.196442249806 0.234200915624 0.365900019416 0.0297992791498 -0.455565353314 0.0308459712065 0.0623474893118 0.173319301126 0.429356510612 -0.423406366787 -0.190550857736 0.168372655023 -0.19250343011 -0.46777455594 -0.136055133734 0.062117706272 0.299288360813 0.0999268394022 -0.0694641834393 0.354526339565 -0.0357080783694 -0.44844451003 0.250280090739 0.0985302088391 -0.205365357696 0.042853709673 0.42044629027 0.155369406463 -0.032769682951 -0.0742410451933 -0.290580287015 0.432448714177 -0.0325788231046 -0.0819261473391 -0.375897280429 -0.0931721249463 0.081910685395 0.0533789631409 -0.487105930763 0.0780547378627 0.214641331075 0.0732168011197 -0.442584358479 -0.451628060902 -0.447114951888 0.433010039128
-0.00171729752931
0.257472437382 0.310368992105 -0.276258653052 0.236019708866 -0.259385090467 -0.436963019091 0.0594368797546 -0.0873767651483 0.0446152452806 0.104257481661 0.057628000153 0.140199216742 -0.0336490077702 0.183420594364 -0.304134633424 0.224396739212 0.386189730511 -0.257857283774 0.0259322433505 0.318404491831 0.165275384939 -0.45317721194 -0.0871301877559 -0.0238514725159 0.424317965204 0.322819241513 -0.298898553824 -0.0657634197237 0.232130253251 -0.182033404263 -0.166834637556 -0.129841185408 0.492437328104 -0.238928728142 0.323217872018 0.249102398612 0.141761796126 -0.158086111641 -0.0214337242484 -0.121343741907 0.204887880072 0.260516873931 0.179406021199 -0.0108615633279 -0.29076522463 0.195495610704 0.322444757316 -0.303480379508 -0.266958378603 0.391218890908
-0.0088314258815
-0.308969747004 -0.364207926001 -0.28342851281 -0.269139770065 -0.512184058693 -0.164019289425 0.0800423435309 -0.486630087641 -0.130693098858 0.103197949014 -0.307175565627 -0.286263314526 -0.264198057633 -0.231580632514 0.299750188055 0.214209736655 -0.399144560524 0.305367358486 -0.377819464117 -0.0860242395152 -0.0778419835914 -0.343815053691 -0.414530970047 0.330714827789 -0.399784583486 -0.293087330973 0.415282230871 0.056297312141 0.0841686732725 -0.368165653253 0.343431003476 -0.0281936233562 0.331682377081 0.255599129761 -0.457765227683 0.326589606387 0.475560782143 -0.329471539901 -0.315621097769 0.258420077406 0.340865016525 -0.300787607947 0.216682235056 -0.338779895363 -0.158509608491 -0.469042680152 -0.324850222762 0.257000937627 0.38239520656 0.367446845492
-0.0307526518001
-0.230991708484 -0.0735835363224 0.18927431502 0.239295602222 -0.306942709666 -0.123506126577 0.529995297941 0.0887842877023 0.485568455703 -0.482782089384 0.344495292332 0.390879076716 0.311726862443 0.248800807677 -0.123062514844 0.0348754262565 0.00896016789572 0.0452923593759 -0.322715912085 -0.435519750525 -0.309501528663 -0.0797615907618 -0.0172256204223 0.484643390708 0.0889148247018 0.397944835949 0.121200946299 -0.0374347592675 0.164084837588 -0.394467738682 0.107707878579 0.362316728328 0.200359402583 -0.0475724836455 -0.113441540037 -0.438719926656 0.28215869412 -0.173852577701 0.37997437224 0.0714188520085 0.426548181581 -0.0838321233714 -0.138370247111 0.257033853548 -0.0660666769009 -0.405292774784 0.0201946108089 0.475444490134 -0.0121231787637 0.184050684682
0.0926218786267
0.388907366014 -0.406551395585 -0.289506766072 0.218016079613 0.339090020135 -0.220891399178 0.605409246649 -0.307994304978 -0.0482816406492 0.0243197226192 0.0732214752788 0.0817349940199 -0.0137667888036 0.212836912288 -0.0722681500155 0.53774548478 0.0817406149465 -0.184160217466 0.327956087606 -0.0137192942348 0.0786883869037 -0.382866998062 -0.292265045754 -0.483318166285 -0.219435383672 0.253078379999 0.518005923857 -0.0581788884542 0.359451334289 -0.471837957695 -0.0360030508267 -0.148439627276 0.302259231987 0.350271999409 0.175001178244 0.257941843751 -0.322229514426 0.0238738596515 -0.387394774006 -0.187089663533 0.338322564895 0.00138796057066 0.140630448025 -0.0893454307197 0.339114628944 0.347090207435 -0.397673367784 -0.348217446162 0.196551862276 0.216518127723
0.121460944021
-0.0546010130089 -0.304453135938 0.236622042987 -0.2961195293 0.163243659287 0.114067689503 0.136611767355 0.418921510587 -0.166487235753 0.230105076885 -0.299343097139 0.0950603972555 0.484086266232 -0.253120571975 -0.0163757349574 0.4791366085 -0.484639867075 0.503619715147 -0.144634761306 -0.315493241639 -0.220905405677 0.16125347109 -0.0456204879771 0.0706243986161 -8.70629723159e-06 0.251911742376 -0.315579982224 0.475327171003 -0.28470799562 0.0850719503908 0.0118019354428 0.0539900979737 0.500339586982 0.292822818757 -0.280533551829 -0.422409747614 -0.177038434274 0.35987955511 0.235026333369 -0.480316514339 0.0338589409711 0.153231027283 -0.420376321394 0.284860900487 -0.181337894598 -0.346260554857 0.229393682594 -0.0128678508595 0.245506554985 0.125819927566
0.044611165637
0.357722817579 -0.154170979847 0.114284283666 0.393517191676 -0.30363932611 -0.31357829526 -0.410402773546 -0.439193034741 0.381963180364 0.303339042237 -0.327698094369 0.453699772165 0.174903617264 0.0579705819629 0.341621490372 0.149838834492 0.0566712929569 0.0441851749014 -0.357757768462 0.385060039005 -0.0211490546424 0.214113409043 -0.314452077359 -0.217085815386 0.49736235625 -0.472035754946 0.171509846419 -0.378037257776 -0.415023420686 -0.485543767256 -0.301699293263 0.177453201321 0.171406735028 0.346487713009 -0.444121551573 0.442471169384 -0.508594242635 0.331993852632 -0.208394830537 0.301985740535 0.0887531314975 0.305457853291 -0.183083180367 -0.116445970657 0.410057145116 -0.118199100703 0.0209142721424 -0.130257001086 0.323412827326 0.131000795981
-0.0445146076909
-0.246313319489 -0.0847494702177 0.319240973894 0.0339408911951 0.286976264984 -0.423364789447 -0.283912746121 -0.212005835521 -0.339971221238 0.281264796529 0.147249291769 -0.299394084898 0.159389713562 -0.0399385498252 0.466960882409 0.338021909686 -0.253584697649 0.43937624024 0.49101936248 0.0318278214408 0.25325533882 -0.320753870652 -0.257023588621 0.218454383684 -0.176852139516 0.120777243525 0.396952802191 -0.00319583117478 -0.5762842662 -0.446576985411 0.169760554627 -0.0737232365632 -0.367422425202 0.39255930759 -0.348903776787 0.196526962574 0.263615755803 0.446612247769 -0.0511642237655 -0.146043269594 -0.421894863688 0.418248604985 -0.46745840199 -0.300009341755 -0.288025183805 0.234548110432 0.262338535292 -0.116103081897 0.0884774484238 -0.206648973546
-0.093231936776
0.44443746561 -0.207096818898 0.142035371653 0.240335433817 -0.0710498516036 -0.10806020397 0.176725121817 0.51715303748 0.297794102158 0.202007618759 0.0813109529474 0.195787551989 -0.0934184157999 -0.0893407298169 -0.489009431073 -0.210873986253 -0.217013114265 0.517927941204 -0.0986445522522 0.22651919134 0.191004116341 -0.274758934159 -0.0253355413835 -0.473507097119 -0.138465309461 0.373206297168 0.258187343369 -0.234691484841 0.158869934619 0.146741734319 0.28465766085 0.222159687302 -0.226129349473 0.412898682244 -0.0494580185419 -0.258043124715 0.0297235502151 -0.103736174802 0.270506613024 -0.227906005106 0.532378722697 0.247496334556 0.392452162009 -0.304886822355 0.0797849421251 -0.355384499216 -0.221986671981 -0.15829693843 -0.161616875624 -0.32084991461
0.10997931922
0.238897064147 -0.284414524664 -0.187772116106 0.494299857478 0.482028467321 0.339132981393 -0.175563968887 -0.279456686354 0.297757525329 -0.0561684254272 0.0794262334092 0.136949947258 0.495842564901 0.434573787965 0.461561755824 0.114163361017 -0.0329384924602 -0.359354933841 -0.456542049715 0.382417853174 0.585011563843 0.194984288537 0.126836976418 0.214403884795 -0.207472302696 0.408636681377 0.13226453404 0.113978312548 0.0898975000842 0.25738416873 -0.109213900806 0.405331496247 -0.0765406541832 -0.329890279889 -0.434384401719 -0.304995279581 -0.273102574875 0.127480608639 0.107457557461 0.0111484406716 -0.0779185174474 -0.363241893214 -0.186157388489 0.392593672883 -0.409269855928 -0.325665795295 0.276650772726 0.201284997801 -0.129292918835 0.333677395977
0.148938401759
-0.0738205540411 -0.297818013437 -0.0851599014544 0.0969078951637 0.351265127459 -0.299122670484 0.10240079791 0.0096453989747 -0.109778660486 0.143059483722 -0.115211302762 0.312424976846 -0.41685259717 -0.458587854018 -0.25519924674 0.0233130431949 -0.169028905408 -0.30462189351 0.439582391208 0.291866778261 -0.258674663871 -0.174265567591 -0.0128131998033 -0.014754301993 0.131153575284 0.286533643089 0.360561036617 0.187430058657 0.270194720714 -0.152063434148 -0.481099966844 -0.472753068891 0.459996551444 0.378430303859 -0.00580305548468 0.0988917355521 -0.153891665541 -0.00362401442713 0.166189820929 -0.478739472381 0.0958874788112 0.0526726304884 0.265679305698 -0.0866328744248 -0.464477224073 0.265270706492 0.226780673939 -0.189785658677 0.276096479584 -0.464928889144
-0.0892179387268
-0.476525244277 0.424136058278 0.347710749452 0.0310728903337 -0.358035692134 -0.355413107046 -0.0110297462546 -0.0833232073974 -0.366168255608 0.30690517288 0.469883152097 -0.173797310261 -0.394466998498 0.159499554983 -0.258351427652 0.114279575976 -0.285720443147 0.331082573785 -0.374454792263 0.445347092271 -0.4080538295 0.393490079652 -0.239905228965 0.455413908339 -0.412671951059 0.314479578469 0.228111343468 -0.401757722754 0.403265958266 -0.337510452976 0.154169014037 0.498708602572 -0.151389743975 -0.286596538912 0.475770602756 -0.289225587759 0.371737076405 0.165136683495 0.245563923166 0.165543733141 0.0181314463194 0.266879439695 0.476081821017 -0.468081589374 -0.337355352569 -0.305470392184 0.349668391873 0.165489080313 -0.487212671058 0.399725291907
0.117928651366
0.495451010278 -0.111191165892 0.367003126955 0.388747371584 0.265831571051 0.391694138742 0.334231901772 0.098679723245 0.455018248721 0.273155716744 -0.364577910223 -0.116981376289 0.479242918127 0.26852853848 -0.238182428111 0.171517897191 0.535371498752 -0.143990379981 0.237332512088 0.0248527971467 -0.206359941419 -0.158593506002 -0.0066161237565 0.361301132315 -0.41074495357 0.250315104648 0.361662986009 -0.00292305201262 0.422189661981 0.100009367769 0.169530802342 0.177168523396 0.401766824207 0.136456560172 0.133143292724 0.180027130741 -0.163814293007 -0.428733979056 -0.0910547370727 -0.421574093298 0.0263236477745 0.525838048765 -0.17481759102 -0.0846469838203 0.262124941788 -0.102552729528 -0.145575969522 -0.387401816375 -0.34073238327 0.425346280585
0.0700100457165
-0.411235999514 -0.266132908817 -0.136335582796 0.281350189183 -0.0288127039118 0.42018082872 0.433268917421 -0.345536848228 -0.0534958946385 0.277798268157 0.507651963185 -0.449210850564 -0.201824242451 0.41369010096 -0.119658738927 0.351910789222 0.12530523241 -0.0768389244761 -0.0694315116814 0.490549269876 -0.109092477406 0.0543879795565 0.369310385429 0.488643318061 0.135377124532 0.451298016139 -0.295568269264 0.34272406898 0.508313848193 0.0464111712201 -0.369760473838 -0.0938110717212 -0.0239727144058 0.319878312476 0.108896313492 0.172124894311 0.3120659272 0.500058921874 -0.385810232126 0.14495518983 -0.115523085464 0.219378434134 -0.333092881378 0.457366295296 0.0379979286762 -0.131136318048 0.107790910314 -0.136142723474 0.193161606063 0.494961423123
0.0648292977806
0.079770455019 0.485650158524 -0.358187767152 0.0332155098003 0.336244346657 0.0786222841282 -0.286047551506 -0.282576443453 0.0204270661943 -0.408034044281 0.372345939884 0.217983109397 0.370767657979 0.3787173182 0.381954435005 -0.312061167932 -0.184482780017 -0.196572897865 -0.231617088998 0.484574730843 -0.436573594776 0.179394615511 -0.247290544215 -0.348288047608 0.376261851774 0.370203330526 -0.362250803532 -0.28309436325 0.135551259144 0.293607812392 0.411059224513 0.419257322963 -0.0205930266803 -0.463436879093 0.315301953129 -0.0726429781582 -0.240026786084 0.506937508594 -0.316122814394 0.375001857274 -0.117658158808 -0.0247441802632 -0.214074718708 0.200838760889 0.257650900549 0.0248595771417 -0.275565570915 0.344127192646 0.373300599905 -0.492696395141
0.0421320136266
-0.378339275525 -0.265569294768 -0.259630811048 0.467845747615 0.0567140356652 0.301765011414 -0.184385317802 -0.0331095255047 0.284088544059 -0.436085764487 -0.350848061885 0.156541990144 -0.443842906803 0.350260451492 -0.143265301695 -0.204078485934 0.369871413631 -0.181006252102 -0.294095679685 -0.357246218668 0.34796585952 -0.246758198579 -0.0602755266606 0.452242202318 -0.0151854456445 -0.0971840866434 0.0820222885109 -0.44505991761 -0.148243773991 -0.329345419006 -0.11703088445 -0.106946838501 -0.341483066838 -0.187539340155 -0.238846262222 -0.142016117344 0.11898541961 -0.289434472163 -0.202927488723 0.464825613208 0.462653997452 0.209908977628 0.253887573133 -0.274182718842 0.165451542998 0.444222626329 -0.179623420041 0.207437591383 0.411061348191 0.183920650398
0.0877271106116
-0.0612672709748 0.0288591881723 0.228175081004 0.246622544418 0.0531913485601 0.0355418474647 -0.314227830365 0.180489134166 -0.27338317871 -0.4518876497 -0.296562276283 -0.0639689430466 -0.340107054413 0.229196286122 -0.0932771529846 -0.179985602328 0.157106673291 -0.337892001767 0.461147932991 0.107607331595 0.287961932071 -0.252703848378 -0.0205056105526 0.430848382462 -0.464761138812 -0.509968036448 -0.151266777003 0.466608145818 -0.0542011835399 -0.353568196167 0.402442940522 -0.292668233323 0.0782369083354 -0.112614404224 -0.442630921679 -0.527889152523 -0.00248603435271 -0.428065662313 0.368831950959 -0.042017770059 0.43006964213 0.138670011559 -0.310109675779 0.466658528683 -0.43162763576 -0.0024583782888 0.371556212541 0.412667111802 0.245283954119 0.181701241903
-0.0596729590209
0.438602164703 -0.313761999114 -0.455783824585 -0.453707575039 0.297248733014 0.337607945521 -0.458132145453 0.0158409390631 0.421745315033 0.0787415618272 -0.097052771058 0.293915006623 0.0733105532326 -0.444778022178 0.139531267673 0.425565074129 -0.0997430293986 -0.136696707781 0.17359672913 0.363463459139 -0.442537192171 0.474430595608 -0.28591638735 -0.290328933099 -0.478678309822 0.0785717423503 0.481732469764 -0.0981751706509 0.378313727085 -0.359968675156 0.217440606592 0.0468246572033 0.211435107057 0.338900556977 0.126679983442 0.166455613897 -0.328421211008 0.468795549342 -0.464132508572 0.0825840841911 -0.0556353689641 0.36928007327 -0.486753445182 -0.105611291645 -0.148558905103 -0.0760021782372 -0.491125260496 0.385065277507 -0.402980098406 -0.0376529132881
-0.00993758629494
0.151508620974 -0.04372930145 -0.145931403413 -0.224704701656 0.462600838609 0.581594550062 0.0634931935558 0.299426716817 -0.469929304595 -0.103697998766 -0.318820257545 -0.160509939875 -0.392027835345 -0.0732595486936 0.49022786249 -0.0066121305771 0.293938811825 -0.167397334223 0.0575411948996 0.460218377642 -0.0195007488683 -0.226082466076 0.123506466946 -0.147572571638 0.108417871793 0.505446900991 0.133329613395 -0.268670101194 -0.081779335051 0.0981565996281 0.179512305187 0.514828147601 -0.224387959472 0.174075265473 0.45094952387 -0.223162035943 -0.191183923281 -0.331960064022 0.101427083645 -0.172507159721 0.23480206745 -0.131737023023 0.348738931905 -0.177420696442 -0.267918431211 0.567316460611 -0.475411137429 0.15938418745 0.414511875519 0.250181186433
0.109252666268
0.29718172258 0.090150128933 0.0965819047422 0.406781087187 0.454573749403 -0.152040637273 -0.168251166068 0.440923419134 -0.298465831201 0.0719600931854 -0.272595998174 -0.218342766448 0.106034431276 -0.0926505347284 0.0981519692117 0.264884091296 -0.0161082756964 -0.234384947006 0.509895542825 -0.148632798247 -0.282757361127 -0.112519764427 0.351638455722 -0.469569809703 -0.44648396251 -0.203795756163 0.519239981621 -0.250453042047 -0.198013443765 0.453042618022 0.488724231674 -0.11710911676 -0.404144792841 0.047491327268 0.0539734712333 0.418246382824 -0.43333776236 -0.0992242573134 0.0270153853193 -0.0198968866671 -0.306075819086 -0.296999358385 0.0142485731834 0.0935736050424 -0.150591343087 -0.0318618308461 -0.193901334737 0.430471482228 -0.138777481855 -0.207915286678
0.0831841072819
0.187279706795 0.00303373522565 -0.322692966798 -0.318260131317 -0.417782649823 -0.348910463358 -0.0602818351666 0.240160387756 0.410958956356 0.0682066162537 0.321623382685 0.326064834339 0.361051884606 0.437316695441 0.0780992951665 0.38317768622 0.267560809722 -0.450125229584 -0.24261250382 -0.486081663603 -0.16808923781 -0.458775587724 0.223092319425 0.435080611163 -0.324646471345 0.320021244039 -0.288475700791 0.193872231616 0.0886553329999 0.51755492396 0.401781945586 0.178318534145 -0.16672032334 0.0106506014664 -0.0852190041219 -0.361021844109 -0.371767957616 -0.311683267427 0.113609929356 -0.383181150235 -0.414907279325 0.497021334755 0.247748019059 -0.208678766601 -0.186654763166 0.277009545437 0.0523047635533 0.0325746165363 -0.45658052408 0.069663188364
0.0570444209079
-0.22324591061 0.263049811934 -0.241075292107 0.291070498544 0.278683947561 0.210266204421 0.0785556732849 -0.232702904702 -0.350923498614 -0.0606307600573 0.310350854931 0.494734336403 -0.319125223102 -0.142104922174 -0.0756839644659 -0.371216626754 -0.155089770186 -0.193179011007 0.387781843228 0.211800604595 0.281665700327 0.345828333752 -0.0946198261363 0.291212030089 0.413649038825 0.483833076917 -0.0713275895084 0.0403642928517 0.0520786323454 -0.319205496062 0.170276986603 -0.0758492426385 -0.463532767853 0.285392933745 0.104516642008 0.359200010061 -0.165746256054 -0.349558629311 -0.0825823314411 -0.432779018061 0.129314562277 -0.284401335472 -0.0964946582494 0.172767495891 0.0140549715012 -0.236096770392 -0.335825151182 0.356674874648 -0.244133979844 -0.0638365425942
0.082212181318
0.35516286762 -0.20885994702 0.329051980996 0.242618719622 -0.0206143904274 -0.342384623704 -0.278788137409 -0.230426750706 -0.415525123559 0.149284374677 0.305772268403 0.301633691225 0.52215249397 -0.199337282112 0.150636105274 -0.391452628439 0.202812133935 -0.164464611369 0.333866360101 -0.074240705518 -0.445590129542 -0.122979826887 0.281869667094 -0.0837427437123 -0.484934071043 0.360401997236 0.193437885626 -0.156966005454 -0.462364496872 0.331775919465 -0.0210684835954 0.146996677582 0.00181390541896 0.241431001684 -0.189369367144 -0.0639815640771 0.250415928811 0.413749687365 -0.27021288507 0.261059502097 0.351239562946 0.457175641911 -0.258892995055 0.12152198928 -0.0990105101609 0.208930404421 -0.362508509254 -0.00551204931572 -0.435261302267 -0.0655599417969
0.0828519011997
-0.326703766655 -0.00507991107652 -0.0439056974921 0.0825739349073 -0.0744172276366 -0.11836964757 -0.0715415097009 -0.0987517206966 0.286738740526 -0.274906215084 0.35402415833 0.160488145668 -0.225286346571 0.453163924283 0.254947502765 -0.0438978409964 0.180392270666 -0.373178496292 0.440804824042 -0.0114465818967 -0.283357428337 0.18318271531 -0.257006239331 -0.0236334336814 0.297138144705 -0.316141480697 -0.303056167129 0.230809481183 0.337814082982 0.491272124149 -0.0918939647541 -0.384519361466 -0.366539916442 0.338588328227 0.210309785314 -0.227063848049 -0.214334243727 0.0159575008976 0.448543302384 -0.134527083083
0.115933214949
-0.317402142586 0.0576455720606 -0.185653999418 0.308164528223 0.0544140669695 0.40807653186 -0.314553407144 -0.265208646113 -0.0817454439985 0.612030168123 -0.0315258748122 0.526722950756 0.400348610269 -0.343992746278 -0.248834069696 -0.221378755873 0.434245544656 0.181765308912 -0.3024096005 -0.335944083116 0.272648918721 -0.198767489081 0.117994329534 0.441070579075 0.462505535655 -0.225002679416 0.458524774935 -0.198272937472 0.120893147755 -0.0357211786704 -0.060965761472 0.31156028539 0.248747816089 0.327708266012 0.465568884861 -0.341363625922 0.354344166843 0.412351360999 -0.0163412882636 -0.200284424212
0.225890207267
0.479753589448 -0.26876308715 -0.155108595476 -0.332672879432 0.320906378193 -0.305889716401 -0.167519795887 -0.0318785304655 0.559988520416 0.0628591639694 0.333376012638 0.114200863244 0.370350541988 -0.373328409313 0.367013238555 -0.36884091703 -0.233892342256 0.170103582124 0.221996857463 0.494786635281 -0.350288335858 -0.0374354044687 0.146269576018 0.374599014848 -0.0520278680418 0.464900707056 0.226183124383 -0.338730824782 0.0881458307058 0.5410264871 0.239277288567 0.141310078058 -0.032012559641 0.177023627531 -0.438362395383 -0.11814547379 -0.331105616321 0.466281358109 0.153821521378 -0.118463912964
0.0889838909705
-0.472668969056 0.274450486135 0.00850763571451 -0.0719661112142 0.231787324938 0.0164814689904 0.240354443148 -0.52222345964 -0.394654283451 -0.129818449111 -0.0478020201224 -0.444265648356 0.187354156567 -0.546265426416 -0.208896759787 0.181567411855 0.112267495979 -0.0711431712454 0.13929506202 -0.532090975413 -0.430638247702 -0.116005788634 -0.472964566685 -0.279955677656 0.0895808643085 -0.499012159117 -0.282878168014 -0.162587897178 -0.296128388489 -0.0358946369274 -0.288016646253 -0.202457954675 0.247520284855 0.36763467403 -0.166358197128 -0.570450831913 0.148813867214 -0.0958795757026 -0.248430637704 -0.305913201619
-0.162626302817
-0.231375802555 0.0951624522511 -0.0154021638481 0.664216730654 -0.34527714142 0.293074700118 0.501660515642 0.660468054663 -0.283404106486 0.0903088990307 -0.107092287918 -0.271836853869 0.520588147545 0.100205272154 -0.0761782373723 -0.0727434742953 -0.259233391824 -0.181740479375 0.424772517681 -0.100080723103 0.545122910673 -0.212715913501 0.627707080366 0.578632899431 0.078530008356 0.161535585503 0.0114577028949 -0.144446215632 0.23114023104 0.377264092087 0.111763813647 -0.181692606438 -0.167621233243 -0.213565255492 0.14913651161 0.523670684879 0.279125534064 0.120302288475 -0.200737652485 -0.177502982994
0.341075759144
-0.327826103863 0.239142704009 0.557920853393 0.612487647869 -0.24412973434 -0.336707957968 -0.179464300823 0.327130106578 0.578474354451 0.630793759202 -0.290929899145 0.456607391036 0.148580812638 0.129545592443 -0.0660524333373 0.256122028092 0.18316704807 0.335777919423 -0.267141252402 0.306949133055 0.111461045424 -0.174644801348 0.212526926315 -0.198652973897 -0.240181978936 0.376578161817 0.00276862427668 0.38418144607 0.144685684269 0.459450337811 0.596891481113 -0.290444799211 -0.266883165479 0.479063524216 -0.379561761319 -0.0504415263839 0.442404074615 0.374518398558 0.28599468776 0.455196574221
0.183026527138
-0.109448266153 0.499725340547 -0.216789168084 0.541092860987 0.266806270756 -0.188970142884 0.280707646205 0.521014879732 -0.0143066404579 -0.0092680448204 -0.0725636457575 -0.131391327887 0.441354493509 -0.32470262679 -0.388033544097 0.23909864519 0.0816022956233 0.457423283214 -0.190559274851 -0.335972089296 -0.181988174739 0.434952563999 -0.202517401809 -0.41792453284 -0.118194027145 0.283262174621 0.382326632797 -0.210655377867 0.325830548441 -0.190559542527 0.545510291044 0.475892082313 -0.102390169831 0.143127532127 0.110993052327 0.0781836949822 -0.315653226324 0.254066154547 -0.274686931394 0.35020794339
0.168818085604
-0.352023686403 0.120326919901 -0.187674938328 0.568546259359 0.0346257655009 -0.155143553937 0.3166985515 0.461339652437 -0.0750896458556 -0.0884265664024 0.526140739855 -0.120603355753 0.0367044338002 0.138036816696 0.510036586635 0.477096292464 -0.340988936233 0.394633721704 -0.330695540388 -0.301309674868 0.499838361787 -0.123062554966 0.433655288109 -0.15934975556 -0.0702160648728 0.113971935737 0.123431590412 0.429429938576 0.554646303147 0.574345164868 0.335079504833 0.159660365191 -0.0336932493135 0.481131533639 0.337067996942 -0.0720219456835 0.445230716281 0.467428714278 -0.297510495184 0.345037950911
0.204485519392
0.238859352707 -0.117924388406 -0.302135603552 -0.315335056506 0.0505481442893 -0.405965113097 -0.0784855035948 -0.282438314629 0.0733489720888 0.161689325846 -0.224747926318 -0.599112981076 0.36788555061 0.283596042464 -0.276275094281 0.0813918974278 -0.109241201948 -0.16779585083 -0.261271549868 -0.399049721876 0.115228694754 -0.600057847959 -0.159816719526 0.212969184844 0.301695672 -0.390247969275 -0.0552546839653 0.218731848804 -0.596947992027 -0.157576763491 0.187729657094 0.186863183914 0.0309349052652 0.0929870345305 -0.395383689051 0.266164048278 -0.511109331676 -0.478084210357 0.117385489829 -0.0143320953413
-0.229689405867
-0.247950191489 -0.0620223837772 0.0454301375828 0.550684194675 0.563470804324 0.34731338001 0.179375762676 0.417313754257 0.47720991219 0.449659276414 -0.224369781955 -0.141150866129 -0.444375046551 -0.218206239404 0.3705525438 0.592580521259 0.312339934845 -0.232153376472 0.399131621322 0.176067780654 0.166293990732 0.0276144642965 -0.212356622731 -0.141335425361 -0.178380961461 0.30683817814 0.515348484655 -0.264832365948 -0.102517278476 0.33025593905 0.208569736824 0.577627692374 -0.0987256852239 -0.0500874119908 0.607330997135 0.103636821092 -0.0428744758094 0.175860533838 0.146739440728 0.417895441373
0.300179397012
-0.400968837121 0.0251353257852 -0.484364556354 -0.133731663927 0.0649833957301 -0.128023328568 -0.343075383408 -0.384591691419 -0.219064444786 -0.0254191337744 -0.182428282745 0.056300233835 0.224552541329 0.0849389401763 0.371964436025 -0.0693550096777 -0.293169220975 -0.387772347404 0.340545834712 -0.202563827182 -0.503004857274 -0.184869386086 -0.270075671033 -0.216121706029 -0.0249972448748 -0.0356350262877 0.283556592341 0.220601482343 -0.372120076776 0.117448760282 -0.499852396789 -0.424258030934 -0.425805152664 -0.402678646548 0.2629685199 -0.208934901079 0.207115612017 -0.254380974268 -0.470522484573 -0.248101947523
-0.0803496266804
-0.217586081386 -0.106329534183 0.363817124693 0.0688326929875 -0.398723049106 0.459543102028 0.307184602927 0.503448044455 0.0155867402888 0.09834619103 0.331641950741 0.232252633229 0.275276355865 0.347099445097 0.245574298863 0.598373855282 0.416606863572 0.145263574583 0.244405063974 0.397858605193 0.256797161579 0.59745352775 -0.128992246021 -0.320383655034 0.258046132 -0.071284766117 0.391653538901 0.358834374221 0.026381708488 0.564673479516 0.348007832504 -0.120830498986 0.0288317094068 -0.130489241954 0.208470613856 0.293833775422 -0.405506994203 -0.201260572832 -0.0146069243555 0.265528437153
0.164067214157
0.383542833857 0.307341062304 0.515312189166 0.318280469035 -0.440528996283 0.0913138020613 0.303391460925 -0.384511551622 0.402399286337 -0.290910183971 -0.343054740947 -0.192087784647 0.404652660876 0.286210114004 -0.0686152579155 -0.326619398303 0.368500902635 -0.0597560836567 -0.359387215176 -0.0755696064159 0.0533473512056 0.198580650822 -0.0318319080651 0.0763743854557 0.0764708131474 -0.0975892569675 0.447067650498 0.505733795936 -0.172186924419 0.362119643009 -0.403824868893 0.24203343454 -0.339176759537 0.40047490297 -0.0987805005471 -0.131992054377 0.512660108165 -0.305052116004 0.398844664416 0.42609559757
0.0958574527536
0.230908237763 -0.114402556199 0.367070554324 0.653906634866 -0.00656882097127 -0.130716680274 0.186758192018 0.240426617255 0.0886919768416 0.631759351038 0.473198113589 -0.0153025499262 -0.162259715636 0.35939961402 0.107523604454 0.0985949962487 0.27366573689 -0.0877599974127 -0.122620993439 0.0501940616721 0.197111568982 0.55468113813 0.121025860851 0.0924902064522 0.135108659087 -0.291189398393 -0.335223142761 0.13991366886 -0.0449816393287 -0.0103638812162 0.645017599187 -0.0518645466061 0.425091472295 0.435564903885 -0.00111875932874 0.344987841083 -0.120681757133 0.0685278261112 0.260955447739 0.0773088899751
0.27853715305
0.180241049836 -0.247579133121 -0.0288241054975 0.06789211 0.0765061057829 0.547375741027 -0.302228027907 -0.0164943575231 0.423469481531 0.221409172667 -0.258977512838 -0.241010950211 0.287503775178 -0.140419644667 0.15609366728 -0.404074128059 -0.375667402649 0.418734774896 0.411375197844 0.446937844759 -0.138346078719 0.301647437033 0.252174131729 0.0122121975374 0.035100278562 -0.00781675931846 0.13162361659 0.0565879374764 0.0818330669795 0.357051580652 0.499115790452 0.301592466765 0.130959058051 0.389838134792 -0.141944227819 0.180838406564 -0.0957862180687 -0.257971107671 0.270825547073 0.433349158553
0.118302638167
-0.343115385711 0.357774359137 -0.272482460272 0.0796923451553 -0.257232398291 0.0209366529195 0.505531139129 0.207199812799 0.159884831253 -0.260713910602 0.167284288753 0.0344379913073 0.459087343672 -0.131377500127 -0.253397289831 0.577910753484 -0.0471338495676 -0.261950827473 -0.387290845809 -0.402905972349 -0.157767888708 0.129995657875 0.199632579668 0.0127932116951 0.43470429606 -0.311981682278 0.45619512438 -0.0600020261502 0.306602288542 -0.376792155914 0.292135978988 -0.0370863225688 0.323441665731 -0.0834301160272 0.377526274494 0.0189825976523 0.463311488525 -0.308793581228 0.317010534628 0.140168656678
0.150234019628
-0.204516356443 0.446207472559 -0.0462311880965 -0.120933708466 0.0894903579057 0.231846382838 0.372642483084 -0.424804957831 -0.0528563070353 0.272859089185 0.322547395536 -0.107002865639 -0.114194821648 -0.505267590642 -0.474789216104 -0.126404488239 -0.126935083327 -0.150483568463 -0.178607483131 -0.445959535445 -0.207985283892 -0.320007282664 0.297557961081 0.115130039615 0.425879072188 -0.256817025952 -0.0414286297277 -0.00442668448897 -0.0262643369541 -0.262747639797 -0.207537614403 0.145993427224 -0.223193383437 0.197838803103 0.189994131066 -0.05437143755 -0.0142059556467 0.492474906713 0.0652684260194 0.489902547454
-0.0430825869259
0.535992487476 -0.138487418485 0.45686344329 0.138676802257 0.0292708794978 0.466610707074 -0.283946378908 0.146258031039 0.216125215668 0.0616632996846 0.490183856221 -0.235709296822 -0.439350392677 0.241593583797 -0.14869347883 0.618321141496 0.56154335912 -0.18611509202 -0.234735187604 -0.277554918627 0.523635442527 -0.163471894301 0.537058995476 0.105592351077 -0.111937248112 0.473756715558 0.505818198762 0.337444008078 0.275059537574 -0.202806211847 0.339001234439 0.12309816286 0.360888914841 -0.392091597274 -0.155550834256 0.452513558621 -0.12682797829 -0.160472189809 0.582136455902 0.220022775735
0.221409222587
0.322091651437 0.39671700499 0.10394902266 0.230575647753 0.390796742971 -0.0665539208168 0.00748701663769 -0.0969033093972 0.117776086752 0.635670334696 -0.124805773766 0.532069737582 0.082816152565 -0.21255029778 0.106046434754 0.386146024959 0.046319092114 -0.231601247385 0.435412338258 -0.116998643655 0.619961983722 0.522420823964 0.165469308127 0.0612160048513 -0.270929876358 -0.153204751081 0.0830706666372 -0.205682544412 -0.225439826348 -0.041097122296 -0.0118019174996 0.21607952671 0.557742777901 0.358581767254 -0.153726225084 0.56557442122 0.436508231046 0.0606559939602 0.22597359429 0.00515569673187
0.256541055154
-0.127387057822 0.419286876563 -0.334128913733 -0.100581021182 0.154838805455 -0.311880624441 -0.149939444261 0.606932518748 -0.134927053524 0.105121544696 0.581679263043 -0.183505418662 -0.38630626509 -0.29488088217 0.0516508569648 0.066094602055 0.376004264203 0.651070014857 0.198125341498 -0.283576664495 0.173812732296 -0.131512549017 0.142345304792 0.440844534772 0.174521922494 0.302386001347 0.00878923786249 -0.304181573996 0.2835391213 0.145052668884 0.266567175636 0.105719627132 0.52121775774 -0.35692605421 -0.205379181631 -0.0496084154222 0.459632775827 0.164804367474 0.591678959423 0.276201457776
0.254412093579
0.498868942534 -0.214311794192 0.55405031542 0.0537763458813 -0.4132361477 0.214745542446 0.277524203571 -0.195532954247 0.144271083055 0.434500438728 0.157779220162 0.569468573183 -0.0152156305745 -0.174208690496 0.394497516028 0.281616139716 -0.0805343048441 0.177563658935 0.108194846818 -0.255667083714 0.194712649374 0.569231766117 0.200888584833 0.0840666140834 -0.284695434553 0.223873105695 0.205307483969 0.317053334829 0.13261029833 0.202658385932 -0.111174894591 0.405293274316 0.499250740568 -0.379904678365 -0.345684353568 0.639243839716 0.0512936050998 -0.0259125246332 -0.278157198955 -0.206040499691
0.227475942815
-0.430518775859 0.227874984564 -0.282601864677 0.147220710673 0.151338477592 -0.494801310679 -0.16002687074 -0.114166572819 0.39980307673 0.00270199945094 0.3363334066 -0.161920662566 0.408771954349 0.149151017046 0.450828358892 -0.290847549876 0.0584946085563 0.229408308718 0.173973840575 -0.485811040472 0.125262482172 -0.534247199503 0.0328425535197 0.365857367229 -0.367247098118 -0.390785766197 -0.223847514334 0.242936609313 -0.518694454283 -0.615078939193 -0.0752461746352 0.312950488364 -0.206022118647 0.323424557441 -0.374951489946 -0.56918285919 0.197200611128 0.147068016323 -0.478970673777 -0.254582167641
-0.195169259404
0.321360171014 0.275804093429 0.323844340386 -0.19772633661 -0.343477326373 0.0186252723259 0.0859053286198 -0.122404211649 -0.0893007060291 -0.452289374012 0.240791844758 -0.415820937153 0.382515196063 0.398436375399 -0.346784940237 -0.0893145295874 -0.498745443375 -0.188862098751 -0.121826416988 0.0165046741308 -0.281314182668 -0.453495847241 0.310131626304 -0.126473165407 -0.0402910420748 -0.388356657653 -0.384571504127 -0.0798573245856 0.139263046268 -0.559573102575 -0.443035318995 0.0508808394102 0.342816212269 -0.373799946384 -0.392423684135 -0.239217911549 0.183713087706 0.0744729713578 0.356613803614 0.46224041905
-0.0786943537943
0.404671602967 -0.377901189062 -0.262225341541 0.556322857931 0.0107478705618 -0.125519500465 -0.319354641718 0.35763860332 0.481756604707 0.0293547649805 -0.0275251945565 0.0146561267535 -0.119145027428 0.148887870195 0.0165634813116 0.613373667707 -0.236337656777 0.288947432666 0.171810065482 -0.456689267579 0.314027281389 0.443356136581 0.0232378178585 0.175673656541 0.455880594104 0.140671127364 0.260585801264 0.367984690475 0.483023063647 0.252255013644 0.581557301739 0.207347742673 0.480313645506 0.0594030810174 0.365251104333 -0.202526248721 0.421811238122 0.137488606037 0.180403366158 -0.273857709751
0.145390955617
-0.250901724805 0.482689952141 0.183087448326 -0.0387885378454 0.0998132494337 -0.0065909787966 0.449597009755 0.35966833193 0.477796579331 0.00692258026403 -0.168258365033 -0.332114627628 0.221944169724 -0.38708859216 0.0241886376198 -0.0820123310987 0.570079517887 -0.275719490048 0.0576974630561 0.0751674450271 0.220076964838 0.167690450564 0.350312710127 -0.153027470963 0.182625260483 0.286051031534 0.108035488072 -0.291870775874 0.101422419456 0.292771072149 0.0165969325452 0.0905583332513 0.0261401777351 -0.362730270961 -0.357206794263 0.41758259501 0.517471434245 -0.104297525213 0.145573531096 0.554535610119
0.0966778372985
-0.18208973068 0.212977014851 0.103921807465 -0.314762811595 0.086386648346 0.127916420288 -0.0829114688424 0.510478085973 -0.0312935716827 0.236515966058 0.379312998079 0.0244899163572 0.0679779354343 -0.293211735126 0.402126433436 0.467326346216 0.111950707717 -0.222162578557 -0.0919717295226 0.149084596129 -0.0024340381624 -0.41876632819 0.366960209962 -0.358666147056 0.255345319385 0.304483536574 -0.341120993599 -0.37444988089 0.509221128537 -0.417558387245 0.45053942956 0.0640134558804 -0.262608597658 0.00610011728883 -0.403984139074 0.0180378253705 -0.304490477488 0.334870676902 0.526328833931 -0.346813512513
0.0331604164348
-0.356137898014 0.43298085738 0.526186198127 -0.261594373935 0.322115640221 0.466137289109 -0.108071414725 0.0862725414737 -0.25470796687 -0.0160879165002 0.424769527949 0.0878494055262 0.00133509326447 0.55587778202 0.255403803621 0.428504640275 -0.221740527616 0.541296226862 0.285953630271 -0.263267734231 -0.204097829587 0.510240884407 -0.0103085099971 -0.375081679651 -0.387642846232 0.189922488948 0.349103256826 0.0542505607618 0.379978198026 0.505639271213 0.160171771798 0.0312690463281 0.461587329804 0.288847476252 -0.242485371478 0.0382493197002 0.0662097511186 0.323492100568 0.372540332061 0.21602122788
0.240363895467
-0.369301136018 -0.398011163388 0.439376565583 -0.0282944743635 0.070739327593 -0.331987083147 -0.0336145341666 0.48812958724 0.210380104065 -0.354985137991 0.27727204942 0.197888811738 0.165450462711 -0.159705870565 0.304669186049 -0.370598510462 -0.254641148515 0.131488547276 -0.172202367863 0.0102563307961 -0.318044647683 -0.426633612408 -0.129642659148 0.0874740220089 0.416542607237 0.355760111442 0.544395616006 0.0536380971939 0.0441218501338 0.139388979721 0.338942818946 -0.0608180739605 -0.0820434065644 -0.0857102764196 -0.124362658156 -0.139723913764 -0.0500028314576 -0.17461762348 0.0494394355301 0.45317029054
0.0131739602968
0.58015657601 0.60948471857 -0.132332381798 0.482566828283 0.292153896375 0.127025634112 -0.103410813815 -0.309127012981 0.570476619286 0.227245020043 0.265547819142 0.0254393258461 0.502488088519 -0.169287123802 0.34868230403 0.401921574121 0.070907626604 0.224297693214 0.531892655197 0.106476056794 -0.0987777243455 0.646902704418 -0.304032532641 -0.231367556375 -0.0687829077126 0.296942550444 0.598863078731 0.0601705136867 -0.138511883415 0.445196393012 0.0221396343198 -0.387654870103 0.522827355758 -0.390783477149 0.238461278461 -0.12985435359 0.108452055955 0.187007385704 -0.223846411936 0.0685778464302
0.227001576562
-0.168771318622 0.111915712114 -0.215725894093 0.406667913061 0.406650635195 0.321705540591 0.280019855277 0.121203095844 0.560305647037 0.542738030739 0.632001739932 0.339721048249 -0.325296999353 -0.101120805237 0.331147540184 0.676661230178 0.376279177231 0.275212750939 0.00865198152141 0.0958559337898 0.275624496934 -0.314242278343 -0.392915537158 -0.0951640379728 -0.292497581777 0.541375696638 0.571365353231 -0.20828163944 -0.158114105811 0.38776110027 0.0192373855542 0.402607027578 -0.224260855676 -0.229702125893 -0.161551197033 0.43247482858 0.0287805672628 0.0610031128614 0.182202989507 0.245290919965
0.25634431225
0.694799917664 0.286963016838 -0.252000224676 -0.201764546354 0.673072658271 0.569002986356 0.676218133139 1.04786602865 -0.140310784724 0.626478811886 0.000151835912674 1.04008637481 -0.00120149063164 0.38335851721 0.24739268914 0.677954286384 0.251706895137 0.871508359107 0.0615468445762 0.59746249837 -0.0245803732336 0.0744662391122 -0.123597238325 0.543824586076 -0.00767510669311 -0.151445816193 0.8608943367 -0.243997590021 0.617023149666 0.875888182293
0.711874446786
0.377950366615 -0.0221442830091 -0.031037813056 -0.0985343232183 0.13084753125 0.248792739874 0.42730820358 0.265076619728 0.385377972774 0.892500338959 0.129856499247 0.944364340759 0.515360006933 0.751052390511 0.551856621774 -0.235384202152 0.45266115288 0.926934925853 0.843023253687 0.113295097244 0.652376130067 -0.286464210174 -0.351467408632 1.0696125201 0.621726972522 0.335665778568 0.710881585274 0.327078512128 0.679329644283 0.464123830423
0.727401775415
0.32134773947 -0.0721439035397 0.246663668478 -0.175147979838 0.535396064463 0.819820501721 0.0149303530988 0.43159525879 0.299094737269 0.749757617508 -0.0870878805283 0.728226956186 0.171573668396 0.619585565844 0.655546111748 0.401265946789 -0.27769504014 0.906042438386 0.676329255451 0.626611574932 0.239538248753 -0.301054573408 -0.14904997021 0.742036898057 0.543929034629 0.185195181468 0.642474048437 0.115252163698 0.753217623571 0.893763215594
0.561355373559
-0.260479206567 0.293782847042 0.415903320397 0.428806795958 0.346888376198 1.20987230471 0.346187382338 0.559128116513 -0.217418425155 0.415326495389 0.143543637285 0.65103944259 0.41361158843 0.454476334337 0.271679616693 0.274562007513 0.185767289338 1.18536543681 0.714786287686 -0.00962960031012 0.345928016797 -0.120828192202 0.254587988258 0.387176762265 -0.122618736543 0.36302428755 0.581971174454 -0.288801326686 0.832650429637 1.17323032437
0.918331869049
-0.062704033488 0.0767618759495 0.256373558836 -0.185618938099 0.377734474079 0.304446754285 0.605041214449 0.521149061632 -0.392093539464 0.752888100202 0.218364395234 1.12464537641 -0.0337300619449 0.484931829097 0.148681718823 0.0430711573321 -0.0727218548816 0.646504052468 1.10404773089 0.0397814418465 0.223252407773 0.133876528926 0.180092429747 1.02749493232 0.043301047302 0.178521745156 0.824691833708 0.0391924079516 1.03863426474 0.950750867772
0.759803585531
0.216117139476 -0.500911599571 0.028480149303 0.324156763902 0.111769703887 -0.985466119469 0.00835135579875 -0.343855396794 0.205208221115 -0.468678875364 -0.0126250885034 -1.00833092782 -0.244976407262 0.0520720622695 -0.133454962751 -0.716745402893 -0.196686640609 -0.837407610963 -0.9573193657 -0.760340623126 -0.111325300167 0.107924441105 -0.279109584761 -0.398983795977 -0.208592144664 -0.609360852514 -0.0284727543831 -0.17824474989 -0.715384761968 -0.269985059478
-0.625410219628
0.70292235929 0.671189749935 -0.337063628075 0.402697628869 0.0796875485921 0.903760116238 0.213341476438 0.328779992716 -0.192218536727 0.624186513859 0.129656838518 1.11956064225 0.625661180919 0.630174178487 0.429213084194 0.74272341756 0.748792721659 0.563128133303 0.591815636314 0.0342180114943 0.787220640011 0.660655196595 0.0519098445886 1.15699279269 0.466091389433 0.310504936562 0.524807538529 -0.275161415496 0.121004818294 0.416322753966
0.755020435806
0.448669078523 -0.0479092332074 0.0171884823021 -0.375892869305 -0.0268076278777 0.861928358176 0.310567220787 0.30848875157 0.467639841479 0.582265791326 -0.323262414544 0.407091779875 0.214320427959 0.754770685781 0.0846016290666 0.430764931246 -0.234017395653 0.901251215362 0.785368535711 0.589726644951 0.338790331937 -0.219104847757 0.34715636282 0.942277760622 0.0310828224228 0.344575885003 0.675255643222 0.334379638195 1.0408720054 1.11411451813
0.803128156956
-0.156132573759 0.499070801019 0.0628077128599 0.456627797802 0.455583288416 0.515641642217 0.542110399682 0.959182558329 0.115553622601 0.901095424976 -0.436480558885 0.930180303555 -0.137273826312 0.7535235177 -0.128796568597 0.0166926647465 0.030700851019 0.520499922548 0.292099211052 0.539509565177 0.146661325246 0.512130900564 -0.111663852747 0.303328522014 0.435314042727 0.438283906591 0.96762642406 -0.296840094483 1.16253107627 0.857216268112
0.830668738164
-0.149737374791 0.486171524899 -0.113744777446 -0.432407624359 0.579721499247 0.821218515135 0.0427662325096 0.622347149404 0.453564726378 0.9988572077 0.135424348794 0.822163770251 -0.125061049905 0.84716872371 0.122372501137 -0.0845651622818 0.697097795109 0.665526554305 0.716957907487 0.755429648194 0.496625807879 -0.000752599075375 0.382451149001 0.747744800926 0.253502834577 0.0943077673551 0.134247923621 -0.37085214435 0.777661705464 1.0366232957
0.868743809269
-0.045706799051 0.130945490987 -0.0980850354613 -0.203243423074 0.709790370204 1.06416606251 0.522908039269 0.833515355426 -0.255551365014 0.667745687882 0.166237126777 0.835534546722 0.35273755022 0.903974040301 0.654851749971 -0.0527722057658 0.0401060425249 0.978232378169 0.422193582099 0.505722030546 0.234738220004 0.462340200032 0.206401951599 0.746979912876 0.404636550728 -0.206545937208 0.421347340032 0.431697301778 0.330611616973 0.489023912525
0.719182286522
0.0213620129093 0.0628356544151 0.0712260181369 0.245191549829 0.536254166687 0.896814204877 0.271823433588 0.693549067907 0.24088156481 0.283020715587 0.0592452586555 0.499569294223 0.397378107002 0.89433180016 0.367280177099 -0.177556330074 -0.179501209189 1.03466873895 0.367719559788 0.311606202064 0.83628732372 -0.438193415005 0.235455989349 1.04931279334 0.735120380698 -0.142616404881 0.50388907496 0.558231696387 0.434048446446 0.889033691089
0.843561701286
-0.0342575432476 0.618833252351 0.25890456001 -0.206534052848 -0.0616541310029 0.822729638086 0.708846924658 1.17880253988 0.0320100518241 0.777023687596 -0.131790164496 1.0791199687 0.0984145142398 0.837554981451 0.213978817076 0.0264901499355 -0.0684781074531 0.816643982852 0.634737812614 0.74860211822 0.741875405657 -0.115103824588 -0.215455920235 0.685736826691 -0.243606999355 0.0265194433658 -0.0926151121211 -0.33777121638 0.879488053318 0.578565464573
0.750067164479
0.606387519551 0.530116827439 0.449632926828 -0.310267083092 0.289602780423 0.469120841444 0.610332518689 0.259094580171 -0.222074973429 1.00297978607 0.111167350594 0.298947115018 0.0978986043254 1.00341367081 0.433444167035 0.302726210158 -0.227354228145 0.500458293152 0.343886341025 0.756405410946 0.542729187387 0.272283138771 -0.270529005519 1.0214912531 0.43350061735 -0.240530906678 0.942215892731 0.522852778301 0.220010006871 0.541712015839
0.77048627886
0.482295691904 0.680634400131 0.561539871819 0.536358369714 0.332999776904 0.881809788245 0.238197595371 0.480668214828 -0.290744517705 0.560983358127 -0.201452038525 1.14587517976 -0.318868791119 0.698339616079 0.336784257094 0.682482684648 -0.186966765054 0.669119508002 0.884726522981 0.608393385401 0.543575365838 0.212613449045 0.0940581683992 0.659162992412 -0.0503506198956 -0.239339232088 0.340372829443 0.542277073842 0.584553361447 0.588529270372
0.684437414167
0.629748066284 0.22165021222 0.380744927333 -0.27791068722 0.358729933981 0.190261234227 0.222912997614 1.05844264839 0.192624282195 0.858938034823 -0.284915612691 0.891245397219 -0.192371697867 0.261321797662 0.495778629186 0.350100993055 0.731205591976 0.232300964444 0.910763365571 0.437142172564 0.705522766801 0.499758449419 0.16523633764 0.903726580729 0.321365759184 0.175039256037 0.196723929284 0.0960555351946 0.747556495707 0.925870748125
0.687921384805
-0.208482312461 0.141540804301 0.0215782040418 -0.202307068384 0.192815990136 0.798959446059 0.245160604654 1.12358456666 0.0649201957434 0.816891627261 -0.0143308357904 0.673465185719 -0.00518951743223 0.1085046427 -0.0396292327077 0.787113047417 0.469994277724 0.820990144894 0.997079219969 0.190098684981 0.271943168502 -0.275131914946 -0.111623636851 0.765253706064 0.660526929255 0.605426816162 0.663129379293 0.35152970966 0.614394698212 0.682718545399
0.800769679949
0.0087611075069 -0.0587671826908 0.623903049147 -0.457660833898 -0.265293690963 0.595945504394 0.970302340116 1.078078909 0.276399677031 0.454401124555 0.0778051676405 1.06866806905 0.483868539481 0.805702738097 0.396893455461 0.234621708466 -0.0219752864118 0.419990895041 0.511566660643 -0.00935553104788 0.663995820433 -0.276885907408 0.596015276843 1.02974780948 0.0346429556278 0.18277314621 0.369136621314 0.48410697377 0.759404341417 0.734998110628
0.834530751652
0.339014131746 0.631141639772 0.306501916968 -0.138398112245 0.425785972642 0.682702168207 -0.0350390544719 0.307802128128 -0.481964073184 0.963578861974 -0.264472758328 0.467249359283 0.405644938544 0.65987634759 0.697582705526 -0.200155299676 0.495441621069 0.221702055115 0.687856568968 0.759870711958 0.762895882541 0.433899679929 -0.357201076234 0.592425561883 0.231741837897 0.282732702068 0.956356184975 0.144413225011 0.625888285763 0.589131758728
0.720309045096
0.381404804798 0.58244630443 0.730114291337 -0.07408431382 1.06216131974 0.0493757774214 0.0374365740654 0.849596810313 0.246775955324 0.855689090301 0.337150561891 0.142496359675 0.764643343477 0.240019198696 0.665882894236 0.512229334696 0.0953711962627 -0.0264877228065 -0.0516910551049 0.64519470883 0.598183546315 0.165737783192 -0.493676548051 0.0412224324184 0.818218156437 0.531197077066 0.911926411719 0.469009254196 0.642654278698 0.242643006987
0.258549492189
