50,40,30,20
0.141133500705 0.400989803336 0.393925575314 0.409153812846 0.201330261746 0.291072369863 -0.125513331085 -0.399514115918 -0.0963920657572 -0.398092181514 -0.50568998869 0.330619386197 -0.534698814645 0.195710202854 0.158524462382 -0.193243863324 -0.116739520705 -0.392388318063 0.141912210852 -0.113278900209 0.147429969599 0.176538796318 0.0453710004707 -0.435355031687 0.0736071377133 0.168420744333 0.456082099556 0.375078172916 -0.440892764372 -0.124869075306 0.0818853622594 -0.42903129761 -0.471722469435 0.0751010775118 0.325381752755 0.214177578576 -0.430492695595 0.00202709461248 0.255932092123 -0.219177484668 0.243140354753 -0.501991015687 0.328112778127 -0.296889641513 -0.325256485631 -0.38063357718 0.41287080692 0.0727891489856 0.237694338224 0.353755026899
-0.0832435332633
-0.0329379461916 -0.209323473075 0.30108282562 0.3847804884 -0.0487047098954 0.272413951389 -0.116797527283 -0.432301646495 -0.419494519181 0.410837351945 -0.209730854108 -0.307008063146 -0.0678430105267 0.312808474315 -0.00229412903302 -0.265666119572 -0.150783272676 0.323392977347 -0.314267512138 0.307095042141 0.0409569469577 0.212199369338 -0.260481757433 0.29602680039 0.193435527458 0.516003833062 0.266597104122 -0.205093173183 -0.18286281645 -0.116131767638 0.114844357673 0.238795893892 0.37431891901 -0.323854223525 0.266190549354 0.506072044621 -0.234492451446 0.409895012838 -0.301653342388 0.0798701434181 -0.0844419916008 0.420931931769 0.419145097768 -0.438586625856 -0.304181787702 0.275028384458 0.533420608141 -0.398488326635 0.153780547058 -0.297100684533
0.0865460283549
0.396077958684 0.126758227323 0.263809205816 -0.353085760428 -0.0447389104889 -0.00511425479093 0.424060673759 0.00743925418478 0.18233061694 0.338236700974 -0.107306756601 -0.375793810377 -0.0744280497552 0.403393822618 0.291304342773 0.097932172311 -0.0705194893201 -0.240268177635 -0.132768553577 -0.469256219237 0.279930194169 0.03583536295 0.236901536293 0.331909735589 -0.341598311369 0.248925371682 0.521353322138 0.153235918299 0.113333631607 0.238163100234 -0.257495277708 -0.379226242996 -0.446765002617 0.250149254264 0.364545267543 -0.252325773063 -0.0798241848737 -0.447560958071 -0.457790741551 -0.390826288759 -0.431343230504 -0.161539244827 0.382598298595 0.254268070061 0.278191530841 0.517347790323 -0.218561506991 0.509704771595 -0.174743658721 -0.00180167927702
0.078082442375
0.0696925577669 -0.0911546476913 0.280120791895 0.15757406459 -0.435737215858 0.344684125951 0.137278853416 0.281517129274 -0.103675815788 -0.422420488982 0.583489520373 -0.0883130578121 0.105689714885 -0.249996296866 -0.221404051581 -0.268609144446 0.383512709352 0.346899158762 -0.150884102154 0.282577443983 0.118236480091 0.206720583407 -0.029794521312 0.0653215821625 0.137871146827 -0.018938688333 -0.242477169447 0.557818800524 0.463832161059 -0.32886500008 -0.3152362725 0.286627121974 -0.0550584473761 -0.144402695172 0.370047431794 0.142684085271 0.194196934438 0.0466933565887 0.0345811117246 0.150202201347 0.158420192315 -0.393830103625 0.0834110569018 -0.0728657139655 -0.119138707379 0.278727471856 0.439859285151 -0.26415081047 0.433156022107 0.492408558396
0.188988726908
0.0566959741563 0.0740067703674 -0.320416431079 -0.0453314651265 0.144480108252 0.325113560882 -0.470419555252 0.145130055609 0.483096860377 0.485326983947 0.280825089598 0.0602895790417 0.256487953935 -0.069809888665 0.413275422044 0.386343008347 -0.391610679477 -0.282052151775 -0.0489629450752 -0.0233226391501 0.325749983222 0.309627562981 -0.106823301933 -0.0132341887676 0.422365913235 -0.137873109752 -0.416268277694 -0.170951878347 -0.165298505872 -0.142756269426 0.165344173958 0.20759011838 -0.446114643095 -0.135055529953 -0.0435599747492 -0.262861226691 -0.34417847038 0.484578690398 0.109327863768 -0.496011909238 -0.165790005038 -0.396284175251 0.311363985908 0.0709990087076 -0.281814723761 -0.286855926659 -0.078476226256 0.266030401346 -0.281361218181 0.358616714594
0.0162170180839
-0.0575936267391 -0.245331267194 0.497388525083 -0.0340029006555 -0.323143871645 -0.123276844947 -0.0536998376919 -0.381125429009 -0.449826192553 -0.152204887123 0.25422187097 -0.0191670087682 -0.033819866317 0.311942202019 0.084470517044 0.149849115872 -0.241768926182 -0.19007629649 0.0349241819124 0.0774280651687 0.25219978271 0.228701049838 -0.0026420914353 -0.318267730306 0.152892055397 -0.233707787685 0.315279061983 0.504149468706 0.129229497842 -0.438819604836 0.332192401632 0.212147437527 -0.315132981242 0.249634881702 0.324652397251 -0.434662707209 0.538322364617 0.271535320921 -0.382932431656 0.253427662987 -0.274027013059 0.404061589182 -0.0130111790703 -0.120014231539 -0.476640076848 0.294295307291 0.17619523681 0.524312639421 -0.299951735689 -0.104226592028
0.0915737244115
-0.316872187663 0.179909125325 -0.439373633324 -0.429658209441 -0.197615735053 0.353603394595 -0.403887830226 -0.177541757952 0.468403808419 -0.254356316167 -0.0211729032317 -0.090965046104 0.249727039007 0.459822986429 -0.476298723968 -0.368644529304 -0.0727962564587 0.357897242074 0.141170201421 0.333096585398 0.209303667019 -0.421910022147 -0.416408720934 -0.121892907313 0.00433594481713 0.448035599557 -0.380269237169 -0.242172199059 0.184198330459 -0.279838006122 -0.443902730387 -0.208784323642 -0.396793633134 0.0425210556683 -0.202522293155 -0.0724929824313 0.148641040648 0.204782788236 0.340431022002 -0.374330218282 -0.125618911907 0.196266111223 0.0209356438653 -0.348072042725 -0.411863046859 0.455617049851 0.364151847023 -0.460168436919 0.0648548612034 0.159624867963
0.064101348956
0.370506954598 -0.14235002303 0.249807632408 0.0289567670613 -0.344043146623 0.180404507714 0.324277447679 0.255499342257 0.292928981569 0.462194638925 0.505755751317 -0.112241879251 0.183955576664 0.162126300477 -0.203775521002 -0.358799234645 0.0339654624707 0.200678317401 -0.102034672933 0.246552074514 -0.34572885734 -0.0425319829808 -0.193777229429 0.291498113539 -0.35029063716 0.50125457046 0.340321853875 0.224853102543 -0.00652357858621 0.513365117028 -0.0892289616311 0.155514805982 0.0772347531047 -0.319209824072 0.0768642303639 -0.0904887499422 0.159288047243 0.00300936272682 0.00372493184106 -0.352550403488 -0.147329186283 -0.286397646602 -0.102670197492 -0.318300699808 -0.235860758058 0.325945281977 0.422779879799 0.350894546663 -0.364452435079 0.366162383837
0.217972643497
-0.00672878159518 -0.437831495389 -0.0829666211265 0.487055785913 0.490455208309 0.510270660396 0.538723005627 -0.367436263317 -0.334065615553 0.483099940152 -0.0274660043986 0.439219651966 0.0272172739937 0.0114192771201 0.115015202589 0.2288080616 -0.402714665225 0.561875058141 0.449250248127 -0.178623716285 0.315312538804 0.0918185024706 0.0500245044914 -0.150265930214 -0.16862296092 -0.0862525347005 -0.216040067645 -0.125176227773 0.243141102681 -0.222543292845 0.341977529729 0.10768408799 -0.06034176052 -0.286254197434 -0.197390089135 0.22234120382 -0.182008981282 -0.137877932799 0.210562726 0.272698507485 0.00544349318809 -0.0892569920233 0.0584358561836 -0.313091852062 -0.0761468263296 0.0411660611933 -0.256909349893 -0.0390624074736 -0.467289222179 0.314863672823
0.159231739182
0.477220762989 -0.125673114241 0.232645932166 0.202035719774 0.389156517807 0.483933443736 0.0463146801068 -0.210298107268 0.345818221457 -0.210167368553 -0.0114082431729 -0.0805326443719 -0.133615753455 0.427179247281 -0.293160430381 0.239103184743 0.399487241935 -0.136609000996 0.360998556123 -0.468398206118 -0.35082698304 0.0112984494735 -0.323301052253 -0.396478017209 -0.233690980473 0.242652474941 -0.29356319734 -0.116910991103 -0.357482480236 0.0938907736958 0.251880651817 0.185249906997 0.0330617634805 0.488487482236 -0.416780517129 0.20751898678 0.436190445104 -0.306079143398 0.146343793009 -0.141886957336 0.26570421843 0.515486709154 -0.420947030804 -0.0930527757036 -0.0518003185468 0.324471931783 0.503112548851 0.52076989437 0.442501788855 0.430821995739
0.155779309716
0.178908364797 0.515908912945 -0.0834496604339 0.179544691194 -0.0106305879169 0.193233850215 -0.0318879606939 -0.252210699647 0.280994335198 0.458573405866 -0.162229359789 0.281992749798 0.358119262064 -0.312520342859 -0.0409378562017 -0.27343019877 0.395110972696 0.337377679306 0.149331758482 0.359628658035 0.148418199925 0.423630347249 -0.246816979418 -0.0297229019728 -0.0839744307378 0.421193246471 -0.242781386049 -0.0567428655599 -0.0928386599208 0.202751788455 0.219578056822 -0.34717441206 0.0737583198661 0.486506345843 0.282583537492 -0.0960219812801 0.0859523973769 0.305940511385 -0.21135574063 0.0811497475661 0.20207988595 -0.0135321724161 -0.343077601182 0.361785336762 -0.31449999074 0.435312923451 0.27711930174 0.107061522313 0.164247732802 0.0925846336561
0.159825593786
-0.248783273319 -0.058157504922 0.464347491063 0.43527412957 -0.481275939016 0.353793436371 0.231806683767 0.266157303917 0.284336723681 -0.214766188956 -0.0829726586542 -0.375554983376 -0.428708615014 0.461744667539 0.292311232047 0.390163821533 -0.0103875721983 0.150760204352 -0.455112881151 -0.219171143303 -0.101127218115 -0.227720890489 0.216237355967 0.480515961988 0.0449214492908 0.360670008618 -0.0246747278913 -0.332685314404 0.454912372153 -0.27155113248 0.106649842971 -0.330374349692 0.49712458119 -0.480389873437 0.352757340746 -0.0886247772542 -0.14995573363 0.0109658303868 -0.365464961161 -0.130620885733 0.0829729059032 0.461869342511 -0.31351322311 0.295773701095 -0.318608848392 -0.183147819288 -0.250339767007 -0.035723488571 0.0179486002986 0.219077785254
0.0443531104811
-0.455020875123 0.272937614769 -0.207483571809 0.223643002905 -0.0399227293236 0.12239788864 -0.303307790702 -0.146976283445 0.239011896218 0.414623895977 -0.215540857786 0.518754116611 0.0812147194951 0.29629964879 -0.457581478928 -0.366358642863 0.0903838903879 0.304000356128 0.0411937497545 -0.170645661625 -0.247040295756 -0.0749619739299 0.026662032184 0.0292205861047 0.0476194853379 -0.369571327439 0.0415126773777 -0.388951681396 0.426381822862 -0.00851728895253 -0.240532855429 -0.433680714915 -0.00393516111542 -0.0438749979974 0.0641619850613 -0.388333731099 -0.208520252529 -0.433830787039 -0.120697556084 -0.332104016069 0.500646630393 0.0324856468383 0.334989515505 0.0988741029119 -0.328117619705 -0.341414898372 0.392821188232 -0.0923287069964 -0.414070287656 -0.0806285527532
0.0390479356256
-0.356443993197 0.375270642186 -0.0441636734143 -0.123233319493 0.0797479059882 -0.346110986951 -0.174312249893 -0.335019463807 -0.444281389973 0.135083499127 0.119352441334 0.0367889019609 0.201145535564 0.278418413112 0.454023128121 0.356166622975 0.242530574448 0.0693787737529 -0.297489855421 -0.0948534697514 -0.135668759098 0.200556343458 -0.428756962417 -0.507156133331 -0.240796088662 0.360061090447 -0.480908786714 0.0846980610728 0.0589828037605 -0.34249600242 0.437441759492 0.214112874783 0.0540549025231 0.0882736573354 -0.201388897984 -0.509174784679 -0.436569499019 0.228190567223 -0.17413457112 -0.177539304225 -0.0910877186847 -0.000176356717963 -0.416136901555 -0.011910177813 -0.338891609771 0.400269155396 -0.535559152357 0.374801494429 0.466132994103 -0.0474600261546
-0.127623539155
0.123022984206 -0.0781861512878 -0.329965316236 -0.334095351666 -0.0384279541761 -0.201671770544 -0.163403370055 -0.339691758121 -0.383162459106 0.476573664069 -0.285972281171 0.221508667205 -0.403592204601 -0.282258505465 0.429264747136 0.106351206033 -0.203349833053 -0.312726876184 0.191295648305 0.26967375009 -0.360528111331 0.539341877275 0.540959385878 0.396515679042 -0.0508223352682 0.422633484201 -0.0372489120744 -0.303581718729 -0.0405236039066 -0.15852778264 -0.419416063403 -0.189132597099 0.0534544541033 0.268086846148 -0.0348232607239 -0.00787034516714 -0.123638789553 -0.2813214985 -0.108003004528 -0.371039207012 0.0712788593624 -0.0716270893958 -0.177934334791 0.14365834458 -0.295243673832 0.416663779251 0.231505349914 0.130617884433 0.228730300202 0.182649176343
0.0805299543995
0.254886779441 -0.216298986948 0.477259869158 0.0170969358065 0.0119841288793 0.602550718797 0.427331980222 -0.125015055283 -0.17706426141 -0.157045680569 -0.0862717056492 0.449553578753 0.370858827932 -0.437456041623 0.490484569304 -0.0447197435693 0.569816292656 0.0379643610339 -0.207372879906 0.281356696614 0.324471229797 -0.233819547543 -0.0794171167253 -0.217554852662 0.327609781604 -0.162036768248 -0.308621418178 -0.254292772191 0.430586774816 0.0964581985269 -0.251530173366 -0.250260767409 0.073961178286 0.336485512313 -0.205740755885 0.337909119515 -0.37012201583 0.42117257433 0.201271466134 -0.075155839589 -0.347800376391 -0.14334958838 -0.0593611342228 0.0570139374821 -0.00719261965543 0.554176644695 0.233043388872 0.166178399837 -0.0824029955476 -0.316944884392
0.148214544187
-0.0965932287158 -0.322248161635 -0.0071305638481 -0.33302521759 -0.151333815606 0.513141983675 0.086220874336 -0.434138041473 -0.252130356184 -0.455466484075 0.417767884764 0.35190289772 0.516728241701 0.33494781025 -0.111362136583 -0.283390539767 -0.417640394582 0.231675855955 0.133420018881 0.16393015854 -0.307242318159 -0.424880233349 0.469214238699 0.274288481936 -0.0395127310318 0.151724990103 0.296406089023 0.409497973333 -0.233580127132 -0.00648781861123 0.107829420245 0.382363695616 -0.379747288558 0.154222531755 -0.240818803841 0.267940071907 0.442102605635 0.418032317062 -0.114843255556 0.455717040757 -0.310590600823 0.00753603002555 0.00928811243029 0.296671189302 0.057331329322 -0.400078712161 0.1006738083 0.304097474969 -0.362580236051 0.177573286197
0.0778510702303
0.155806436578 0.223805476823 0.429124091118 0.122004496073 -0.182814277609 0.269083808811 0.399580054217 0.051059393433 -0.453374315468 0.0329532608219 0.0789280416358 0.196453803721 0.445561511537 -0.420628176782 -0.188452977149 0.187516411222 -0.173027563657 -0.448088838622 -0.127404990894 0.0654609325006 0.3157425285 0.119881227161 -0.0522846552863 0.358262974722 -0.0339254583855 -0.426093653299 0.265674041394 0.123926672109 -0.187878841782 0.0470305239073 0.440699425857 0.174447782432 -0.0132827118114 -0.07082197085 -0.288232848999 0.451477558303 -0.00846206459084 -0.064009819687 -0.36993378689 -0.0903635031048 0.101923802579 0.068547062806 -0.467838790147 0.0827639713923 0.216705053983 0.091909693064 -0.42359160076 -0.433211080262 -0.438657483209 0.4367719184
0.0367741708154
0.260531508526 0.31444775363 -0.265920214513 0.249681562743 -0.247457076513 -0.407391998038 0.0879882104254 -0.0685540880638 0.0462012280422 0.105879155281 0.0720527398511 0.15904278638 -0.0192915123471 0.185504714455 -0.302497570198 0.239715131817 0.402449921248 -0.241514507683 0.0326888374632 0.321520485701 0.179739065771 -0.436011057602 -0.0713939417343 -0.0196964545999 0.425759915823 0.340317429031 -0.284669546395 -0.0442452017761 0.245135709979 -0.17912282687 -0.14930509604 -0.113826220624 0.5088078918 -0.236475552778 0.324833319316 0.265467462505 0.161611165048 -0.141603187333 -0.0160054099889 -0.11968417748 0.221110276407 0.273806024396 0.196093572184 -0.00511691266325 -0.287869737519 0.212497658656 0.338412111567 -0.287374590907 -0.260420813041 0.393912592577
0.0237986663134
-0.311627045288 -0.367750990379 -0.291284057765 -0.278796811679 -0.521439347181 -0.189706506177 0.0552408928744 -0.500713763462 -0.132020349402 0.101513807017 -0.317196386613 -0.306293631696 -0.275735865524 -0.233374955879 0.29811238573 0.197322706881 -0.412405255916 0.289475500023 -0.387028040452 -0.0891980384505 -0.0880533014605 -0.360291354501 -0.426715104157 0.327491966922 -0.401237473563 -0.309316401081 0.404360770237 0.039948056551 0.0705381879023 -0.374162953434 0.327707061726 -0.0431955625907 0.317827085006 0.254242370588 -0.45875600725 0.311299359923 0.455065681603 -0.34101888783 -0.317566781019 0.25532544775 0.322972819325 -0.308340659641 0.202429150801 -0.341929602347 -0.160033878271 -0.480503532898 -0.338154894712 0.244762499723 0.377279211093 0.364436639585
-0.0590971668359
-0.229514382077 -0.0716137677802 0.194569269934 0.243718163699 -0.300684914902 -0.109225304647 0.543783677736 0.0979827044052 0.486441104409 -0.481408156953 0.35127361926 0.399711855951 0.319322456777 0.249753560942 -0.122224638779 0.0427931420473 0.0166094883533 0.0534161558337 -0.31857591613 -0.433841665827 -0.301913896686 -0.0712328625636 -0.00855428691066 0.486871878256 0.0896182514242 0.405735047149 0.128119378128 -0.0251732643018 0.174072594666 -0.391956341876 0.11575305368 0.369746680414 0.20884123555 -0.0465276711241 -0.11272007738 -0.430536279056 0.290909371448 -0.165341403606 0.381636253844 0.0719626051295 0.434320380344 -0.0768237620976 -0.129534826931 0.258969652448 -0.0650552423338 -0.396648527732 0.0274668724687 0.483048867387 -0.00938942186736 0.185600717424
0.108380026962
0.391486200605 -0.403112949462 -0.27978208679 0.224971536516 0.345519707462 -0.195962664798 0.629478369497 -0.292849780268 -0.0471918634805 0.0254616533612 0.085021153982 0.0984962782664 -0.00153299691016 0.213709898342 -0.0712791659963 0.551456227588 0.0955346430117 -0.170186673589 0.332921789165 -0.0111045598461 0.0900261262411 -0.367899485304 -0.27898515329 -0.478794475233 -0.217737588347 0.268680607602 0.528764962212 -0.0418423308218 0.371234124925 -0.466054011424 -0.020888136724 -0.134849593985 0.315907090765 0.352619498482 0.176646951882 0.271790249093 -0.303817279388 0.0365923553253 -0.383427218236 -0.184053973777 0.352101508324 0.0121781756114 0.154335412164 -0.0848907955338 0.341635549776 0.35998407007 -0.38377746299 -0.334887156953 0.200827051576 0.218559668221
0.148968512992
-0.048868273987 -0.296809483909 0.252852211458 -0.270255063579 0.189466053551 0.169484166715 0.190117331559 0.450326126114 -0.164225922321 0.233092201021 -0.276000128825 0.135306455421 0.50960178725 -0.250104841696 -0.0135461954955 0.508543309363 -0.454038003444 0.533561038901 -0.127709790386 -0.309718353242 -0.195979956964 0.196254934011 -0.0184853790708 0.0771589107759 0.00266802792798 0.28538986839 -0.290997920919 0.51297410427 -0.252778540759 0.0961772158589 0.0455317619246 0.0835922890653 0.529409831681 0.295777777455 -0.277976208257 -0.389403050447 -0.136087283758 0.386698211087 0.240354302704 -0.475031287653 0.0687412833617 0.17310694578 -0.38836318713 0.295370980868 -0.17710221067 -0.314450240102 0.256716827902 0.0147524812421 0.254020145705 0.130442213515
0.105760381871
0.360363229832 -0.150650430175 0.122741254859 0.40505101667 -0.293447590355 -0.288054310129 -0.385758925833 -0.423695471573 0.383473670271 0.305045414901 -0.316166265555 0.471109819747 0.187260934545 0.0599612568139 0.343202723574 0.163701894764 0.0704524951301 0.0582155871816 -0.351641316837 0.38787507146 -0.00909762291567 0.22938995051 -0.301366350191 -0.213651534849 0.49888678274 -0.456421578277 0.183225935051 -0.359525840175 -0.401986829212 -0.482172399 -0.286806530089 0.191494279641 0.185792013673 0.348652951993 -0.442771309947 0.457141591848 -0.49083445788 0.345605178543 -0.205025066089 0.303696446663 0.103770724389 0.316062526076 -0.168140538684 -0.11177331782 0.412181616189 -0.103575724644 0.0339903152952 -0.116820691247 0.32882690566 0.133733910346
-0.0163502103052
-0.238619470729 -0.0744910052052 0.341406885369 0.0697268785338 0.320786341135 -0.348990918106 -0.212103491033 -0.170059803412 -0.337481647798 0.284406170304 0.178233268592 -0.24389768129 0.192371574655 -0.0361043682144 0.470795808199 0.380227826366 -0.213731060549 0.48010495619 0.515158867505 0.0400192730494 0.285292544505 -0.273953939542 -0.223328912948 0.226924345126 -0.172938268296 0.167806564971 0.427964155202 0.0462762238413 -0.537651771477 -0.433737509748 0.215242569167 -0.0331722165222 -0.328346223048 0.397135252414 -0.345200594259 0.239839741318 0.318016424286 0.481709605298 -0.0440225221256 -0.140837865372 -0.375674859325 0.445664789626 -0.427128856701 -0.28593633795 -0.282140652878 0.274794411275 0.300686719466 -0.0808425984892 0.102256841832 -0.199190776814
-0.0111642166751
0.448286068175 -0.201965348813 0.153118201837 0.258534860503 -0.0532191714576 -0.0708570458505 0.212645412414 0.538321900422 0.298959831982 0.203429931607 0.0978488448863 0.221990819043 -0.076948443726 -0.0874723209813 -0.486916395517 -0.190464698209 -0.196968942793 0.537214242938 -0.0881210873945 0.230211632693 0.207796641803 -0.251666224657 -0.00812992681986 -0.467954854286 -0.135959308336 0.395544209911 0.27417986869 -0.208570094095 0.178885326179 0.151526429103 0.307093416522 0.241603044633 -0.206459803607 0.415322894751 -0.0477240157882 -0.236466197243 0.0559921798516 -0.0858343524335 0.274133354075 -0.225822992999 0.553553125896 0.263008602222 0.412192255998 -0.297385601215 0.0829108897837 -0.33391281145 -0.202627129131 -0.139837665906 -0.153379617447 -0.316797567841
0.151031079904
0.245889190759 -0.275091689184 -0.165462546465 0.518771941675 0.505599666166 0.406723538634 -0.110304120517 -0.241491493716 0.300135998359 -0.0532458866461 0.107802486348 0.18758164064 0.525622275007 0.436621920349 0.464023942378 0.154252797757 0.00412161517689 -0.31987159104 -0.433223299829 0.39052410851 0.61213483917 0.237801541763 0.157397317768 0.221793517383 -0.203333330713 0.451322065263 0.15986832828 0.156475336488 0.122276142429 0.270544183879 -0.0671058460178 0.441972604731 -0.0403350691943 -0.322791308981 -0.429172943146 -0.265431465344 -0.220478317733 0.159503550673 0.113432307225 0.01693019599 -0.0358892081153 -0.338440218762 -0.149272185062 0.403547642464 -0.403333343208 -0.290914559326 0.310517119673 0.232809094634 -0.11860949256 0.339151420516
0.223521085613
-0.0717676942246 -0.295080867014 -0.0774749599667 0.103628558689 0.35727722128 -0.279278358925 0.121560822866 0.023674188961 -0.10826939039 0.144573488949 -0.10500459569 0.324267539309 -0.405787693687 -0.456661089089 -0.253913063492 0.033441063442 -0.157868210779 -0.292978786106 0.442354123191 0.293453246764 -0.248484511483 -0.163460505174 -0.000527373536227 -0.0104628652513 0.132399405236 0.29860888135 0.37023709238 0.203664172689 0.280341281731 -0.149753972643 -0.469827065747 -0.461807928087 0.472436857339 0.380252202741 -0.00453861483435 0.109520251443 -0.140617981771 0.00842812525338 0.169649527439 -0.477477800875 0.106557922225 0.0623397430247 0.278377258255 -0.083008179108 -0.462677939898 0.276395885771 0.237802252223 -0.17761268395 0.281353334818 -0.462139257081
-0.0673207673504
-0.469254902492 0.433829847324 0.367135814746 0.0668294275986 -0.32350422463 -0.285133136468 0.0568267770632 -0.0455689777269 -0.363779863719 0.309547833943 0.497385846699 -0.119151269418 -0.364479413102 0.162530070178 -0.255071062036 0.154431363513 -0.24811006786 0.369450817734 -0.350400582374 0.453315501791 -0.378022494353 0.438317893876 -0.209536606756 0.461222797429 -0.40947250805 0.358306650264 0.256926489224 -0.358155543038 0.436558433958 -0.324646105693 0.197763594283 0.537166173432 -0.116189636195 -0.282970758545 0.47847142128 -0.246957379045 0.424390196752 0.197070310949 0.251336197731 0.170545037602 0.0624161544476 0.290577387895 0.513550398123 -0.452907362182 -0.330677047113 -0.267038962052 0.385282701821 0.197636048699 -0.475339803721 0.405146727891
0.195478963729
0.499318516653 -0.106034490725 0.378238067704 0.404578935384 0.280911829281 0.429080033703 0.370328627943 0.120163867084 0.45599395744 0.274412253041 -0.348676560012 -0.0893698446319 0.495674060011 0.270028479564 -0.236278075951 0.191262803218 0.555459689268 -0.123435538953 0.247999746466 0.0288498741171 -0.189725115786 -0.135827813517 0.0105190724255 0.365383889032 -0.408765159984 0.273871580184 0.377618098519 0.0200089119329 0.436609252428 0.105594371605 0.192415701917 0.197365102652 0.420669677263 0.13898153949 0.135246917224 0.201439012725 -0.134481299178 -0.409414063945 -0.0854359306906 -0.418180230249 0.049212703269 0.538597356424 -0.153539952568 -0.076136306479 0.265634485687 -0.081763173287 -0.125918781224 -0.36807788304 -0.332702172179 0.428399018223
0.111263447056
-0.406306236892 -0.259559891987 -0.122171511363 0.303967590712 -0.00608164920078 0.467835200744 0.479280035238 -0.318145532406 -0.0520139584323 0.279626632307 0.525502892045 -0.411641588804 -0.180385758197 0.415509292705 -0.117621309442 0.379395720183 0.150711194079 -0.0480574968986 -0.0519001678636 0.495572706649 -0.0894316993365 0.0852637376165 0.390884828884 0.491725450229 0.136763042363 0.480902301635 -0.274940304356 0.371457881799 0.527924027429 0.0546717323344 -0.339697567277 -0.0667955691276 0.00146507281981 0.322203211371 0.110760375603 0.200930137291 0.34874797192 0.523367216538 -0.379400864754 0.149316457487 -0.083522485055 0.233704331811 -0.305338634929 0.467109641426 0.0420086942326 -0.105688850075 0.131958230351 -0.113206564211 0.199578326095 0.497458525424
0.117413432429
0.0861404022341 0.494143421478 -0.338391266609 0.0611639837964 0.361602991476 0.140198440542 -0.226594710829 -0.245375973508 0.0234896394869 -0.404400149219 0.399674499767 0.260798537038 0.399675615175 0.382302678251 0.384884017376 -0.27656509593 -0.151152807497 -0.160888954657 -0.214200855073 0.490294843358 -0.408435508058 0.217309806169 -0.215942517081 -0.33968670592 0.379834527745 0.40800569998 -0.334898283328 -0.239335239475 0.168298274609 0.302926244675 0.447557690064 0.452781602309 0.0138126484952 -0.458443054687 0.31859533354 -0.0375306967922 -0.195950855703 0.537977091973 -0.308561249676 0.379693370974 -0.0804526734466 -6.64614169178e-05 -0.179264655181 0.210407950598 0.261798510078 0.0579010129626 -0.243181447129 0.374860525746 0.384056080848 -0.486472737012
0.110078117255
-0.375901006116 -0.262318268888 -0.250384794383 0.474527309408 0.0628469960154 0.325334949041 -0.161628136644 -0.0187130329951 0.285515995409 -0.434616580407 -0.339534194357 0.171971375568 -0.431788638212 0.351706742064 -0.142069019184 -0.190457517646 0.382601507949 -0.167929941024 -0.289877834472 -0.354995002617 0.358956412487 -0.232607079661 -0.047748130813 0.455265301386 -0.0137872463671 -0.0829613480166 0.0923916825402 -0.427307082757 -0.132522199786 -0.3236175352 -0.103019294093 -0.0942435199957 -0.327910760379 -0.185489174131 -0.237444169279 -0.129051607943 0.134673968929 -0.277785980201 -0.200102432213 0.467396600829 0.476037881578 0.220879261884 0.267312536081 -0.270911725791 0.167376148532 0.456830640624 -0.166719753995 0.219741884482 0.414840233426 0.186008211818
0.113735317647
-0.0555904707659 0.0364282551172 0.245152551544 0.272013085987 0.0771006145796 0.0904175828165 -0.261244361751 0.212856563621 -0.270858402264 -0.448982130566 -0.272801303404 -0.0247148226928 -0.314564254135 0.232466501419 -0.0905124953437 -0.14926794198 0.186876282163 -0.30616241547 0.477799707361 0.113339368905 0.312524208094 -0.219007044865 0.00633474975388 0.437596266851 -0.461888923177 -0.475188502201 -0.127152043826 0.503293737902 -0.0291549445429 -0.345239085077 0.434927956876 -0.261995860091 0.107939780267 -0.108564111498 -0.439722764069 -0.495979033812 0.0379122280794 -0.399527901471 0.376078973522 -0.0379012911475 0.463478109576 0.15932230214 -0.279135265874 0.476077935705 -0.427428135933 0.0271765470276 0.399839608096 0.439711790346 0.255702664651 0.187295407742
0.000879576539661
0.439183443468 -0.31298696076 -0.453307118423 -0.454393700635 0.297785541403 0.34322697359 -0.452706876972 0.0184146618405 0.421879258355 0.0792195982138 -0.0949054906644 0.297957591663 0.0759441422895 -0.444379875004 0.140009568688 0.427843412175 -0.0967093034275 -0.134634404599 0.173245971072 0.36392886344 -0.439760980438 0.477614834542 -0.283037500458 -0.289327409346 -0.478341749183 0.0822510720896 0.484277230636 -0.0949916945098 0.381275275696 -0.357769481473 0.220855921525 0.0495799178041 0.213869483602 0.339324828829 0.127317770956 0.169437240286 -0.324122112857 0.470814374542 -0.4632456673 0.0836329236669 -0.0522665608138 0.371204254959 -0.482944088495 -0.103516771094 -0.147285278848 -0.0724536904999 -0.48807569072 0.38788355216 -0.401644092443 -0.0366521692523
-0.00373727946028
0.154191479151 -0.0401521572153 -0.136975583303 -0.213008558746 0.473308791983 0.60752884576 0.0885332031983 0.315374243211 -0.468785473108 -0.102405962333 -0.306919260819 -0.142701205635 -0.379512298309 -0.0722143617467 0.491219489557 0.00876255879772 0.307520240436 -0.152371935008 0.0648106921555 0.462485259822 -0.00772104683862 -0.209443364223 0.137139211717 -0.142877607995 0.110200675944 0.520305071885 0.144944858647 -0.249579381138 -0.0664913291579 0.102337283891 0.195282171554 0.528295086497 -0.209737469979 0.175827510481 0.451872829285 -0.208125182353 -0.17335141896 -0.318667356971 0.104023848152 -0.170894677123 0.24985935742 -0.120576040585 0.363110653221 -0.172057168403 -0.26524938371 0.581108085553 -0.461047865012 0.172242393884 0.417852857999 0.252085441647
0.137869820147
0.302586025592 0.0973558662819 0.114469927156 0.424736371716 0.472251199259 -0.0997990414966 -0.117811004628 0.47218124697 -0.295871372026 0.0749415730783 -0.249628719401 -0.181409831199 0.131806324582 -0.0892846185953 0.101099473738 0.294531729303 0.0118558671836 -0.205608169676 0.521175903007 -0.143789949547 -0.259034479149 -0.0807523397743 0.378404247542 -0.46308129066 -0.443805091954 -0.170928759019 0.541530942431 -0.212536649162 -0.165316702678 0.46499187918 0.519952630461 -0.0886089502369 -0.374978063916 0.0512910686274 0.0568616613965 0.447661023701 -0.395999886472 -0.0734565342595 0.0329635407733 -0.0144545194827 -0.274718168621 -0.275766097988 0.0443767918617 0.101900129522 -0.14645787409 -0.0033258153556 -0.166869391665 0.457911671615 -0.128669742073 -0.202583746834
0.140830006069
0.193458050097 0.011271526294 -0.304381447919 -0.289652485049 -0.390737407147 -0.289186478112 -0.00261729768816 0.274756177092 0.413313045403 0.0713902974983 0.347608345132 0.368416824975 0.38837168978 0.440456483333 0.081011580961 0.416254578089 0.299813880265 -0.417175359374 -0.225456452277 -0.479640562882 -0.141255396669 -0.421504649213 0.251762062238 0.441474202859 -0.321506483556 0.356653608659 -0.26180406253 0.233973651233 0.119016654704 0.527335853214 0.437416298222 0.210891447786 -0.134753154818 0.0145644704859 -0.0823854425236 -0.326435530946 -0.32853176653 -0.281967563063 0.121314409606 -0.378085767996 -0.377851479542 0.518850841251 0.281157254024 -0.19810559939 -0.182062631147 0.309742172755 0.0834831279135 0.0625851090118 -0.444805681899 0.0755694752143
0.122946749454
-0.214519301028 0.274685291373 -0.211687180611 0.321985358154 0.307426779841 0.29462343036 0.160004029366 -0.184410033446 -0.347107410219 -0.0566745128788 0.346650201619 0.55543805868 -0.279142565634 -0.137271049009 -0.0712797020788 -0.321854123184 -0.109983016099 -0.14661654024 0.407889377313 0.220116398162 0.318705613027 0.397783021732 -0.0537424467797 0.299937793031 0.417596109451 0.53629488809 -0.0352795833214 0.0952002134971 0.099930523695 -0.298281141571 0.221210478582 -0.0291147001197 -0.418071912244 0.291112139959 0.109180881703 0.407756319112 -0.104937818134 -0.309399221962 -0.0732515262443 -0.423039906189 0.180533709814 -0.251195388725 -0.0499570107115 0.186443432972 0.0209359203818 -0.191346814555 -0.291151870145 0.397760236141 -0.22931247192 -0.0555637418519
0.175296016837
0.363880977659 -0.1972358003 0.355102290279 0.279629964162 0.0147010798694 -0.258109559992 -0.197419110374 -0.181570672777 -0.411965563112 0.153036826273 0.341940906332 0.362642424728 0.560522475519 -0.194198043617 0.155414162877 -0.34264259272 0.247220323221 -0.11791546568 0.356692350232 -0.0665894570866 -0.408031892031 -0.0705415542796 0.321501585549 -0.0724039752057 -0.479595825774 0.412747363852 0.22897879599 -0.0980641413113 -0.413363801157 0.346881593186 0.0297277635306 0.19238082566 0.046785287344 0.246477544182 -0.185327265329 -0.0155331467435 0.310365619514 0.452939766314 -0.262126511871 0.268349955983 0.402197804011 0.489960150846 -0.212756778379 0.136512475234 -0.0922590159655 0.254148726156 -0.317433135546 0.0362171155035 -0.417751112007 -0.056463065758
0.175845074953
-0.235329106227 0.117354122238 0.0405984678283 0.243247207359 -0.00549265936528 0.00179007319758 -0.0252829382963 0.0452560555036 0.431580869518 -0.118365705706 0.500287970505 0.262229196662 -0.178197412175 0.518708590188 0.311775233202 0.105013367521 0.319997744963 -0.250064087623 0.556821792088 0.0349388724594 -0.129577044753 0.320770846433 -0.115506759753 0.0302886937139 0.390481783994 -0.173195032393 -0.153245383651 0.328298401977 0.469519383034 0.654545759563 0.0691329560447 -0.27271589484 -0.274232301916 0.430074129568 0.315720959528 -0.0859460076557 -0.11248300358 0.110181223955 0.584794153216 -0.00508240735407
0.304359514306
-0.263917085733 0.129467708246 -0.135824544094 0.404101245098 0.0947280474853 0.479563643227 -0.286732670581 -0.179211286985 0.00530975460222 0.704673982038 0.0554878550461 0.586878528536 0.429132599407 -0.304535959421 -0.215053176155 -0.132253863123 0.516692000572 0.254768559581 -0.23265898971 -0.307463616049 0.363879996066 -0.116495217554 0.202065441616 0.471470372278 0.515633735267 -0.139142716942 0.547261376795 -0.139494500206 0.199990277588 0.0619109820205 0.035066400024 0.378083592078 0.301890271216 0.380045365184 0.530385749686 -0.257258460022 0.414313421524 0.469355749688 0.0640853471936 -0.123889468651
0.338273451641
0.547631331037 -0.174274095093 -0.0886910484056 -0.209406632723 0.372797591838 -0.212142219371 -0.13180767746 0.0784487663301 0.670377209808 0.182340114769 0.44542590754 0.194202230287 0.406434484018 -0.322109013459 0.40977546159 -0.253895591843 -0.128705997109 0.264193053758 0.311431819535 0.529159736448 -0.232874497103 0.0682850762768 0.254011592602 0.415051973842 0.0197022467782 0.574123402436 0.340612610837 -0.2630052043 0.189028268199 0.666251588569 0.362907838703 0.226980421188 0.0390627629633 0.247821308809 -0.357332691535 -0.010607057408 -0.253494274149 0.540586899804 0.258254231607 -0.0194087875498
0.232777645585
-0.476796509552 0.268086151531 0.00361534392 -0.0803187210875 0.22826300541 0.00998607805937 0.237946264971 -0.529811166835 -0.402085818403 -0.137550089869 -0.055257139891 -0.449852587221 0.184739735405 -0.549416838703 -0.211827943327 0.173723353217 0.105012051839 -0.0777157145539 0.133246064754 -0.534383658795 -0.438452867384 -0.122936111084 -0.480317170978 -0.282565666449 0.0849214047789 -0.50636100249 -0.29055496959 -0.167562019028 -0.30312319827 -0.0443982279237 -0.296413126058 -0.208067689895 0.24310960324 0.362991248664 -0.171945707149 -0.577454744737 0.143696562778 -0.101352609569 -0.255298848388 -0.312545273963
-0.17229221609
-0.190972043757 0.149499723965 0.0224682885448 0.735501071873 -0.314348131075 0.346553650548 0.521501750112 0.723859243115 -0.217930797828 0.15943707268 -0.0422285157987 -0.226473138482 0.541907170519 0.129224017916 -0.050983098006 -0.00651641937733 -0.197591038339 -0.126843077409 0.476345120362 -0.0799978043622 0.613217661542 -0.150803907463 0.691027208006 0.601865006337 0.120331278865 0.224898125311 0.0784396609523 -0.0997674156474 0.289196783915 0.45020325173 0.183543970158 -0.132242420475 -0.126626104916 -0.171966160041 0.196807344263 0.586149079825 0.325245988128 0.161939714978 -0.139372424304 -0.120137199267
0.424752947509
-0.306373812819 0.268450994503 0.578492846276 0.651290812389 -0.227431214622 -0.307595481658 -0.168203722896 0.361842526399 0.613436559466 0.668131845044 -0.255842986958 0.481132450514 0.159956330752 0.145600753169 -0.0525762613223 0.292104355876 0.216711669454 0.364945726275 -0.239251765275 0.318163809263 0.148375686735 -0.141372615217 0.247177991205 -0.1862293164 -0.217850631325 0.410957537604 0.0388271582227 0.408082637648 0.176421678076 0.498753603702 0.63573365996 -0.263508903353 -0.245222482729 0.5009107962 -0.353583238823 -0.0165996923099 0.466700493181 0.397607226447 0.318411993936 0.486025260874
0.228255581216
-0.0591967598578 0.566326613213 -0.171207115024 0.628681307041 0.304441657384 -0.123440765841 0.305482370196 0.598905136569 0.0656569810728 0.0766251948338 0.00734246889098 -0.0754228200417 0.467262954432 -0.288266756226 -0.356499424776 0.319685663246 0.157181347641 0.524264885392 -0.126945538694 -0.309974303145 -0.0978973556755 0.511176104368 -0.124648955413 -0.388383011809 -0.0661823906225 0.361255567334 0.463737011944 -0.156113252698 0.397484449142 -0.10104889618 0.63358444175 0.536132026656 -0.0519815242493 0.193586729482 0.169737960749 0.155184281447 -0.259837438086 0.304728504381 -0.199509577015 0.420343928878
0.271726509291
-0.330876564449 0.149019683716 -0.167383025306 0.60628208577 0.0509111908924 -0.126815115955 0.327469281323 0.495002298197 -0.0409511097117 -0.051997158831 0.560188510337 -0.096409820822 0.0478777074476 0.153439046858 0.523163690122 0.511840820349 -0.308223141389 0.423133124448 -0.303503907523 -0.29026859237 0.535954492911 -0.09052879613 0.467404224337 -0.147030398484 -0.0480560936017 0.147447325579 0.15857399672 0.452611900852 0.585484547434 0.612717008892 0.372934968135 0.185466958075 -0.0121779122422 0.502862626435 0.361904130622 -0.0391241177229 0.469008129097 0.489738136027 -0.265720427744 0.375052350351
0.248548318417
0.245754732462 -0.108383084602 -0.296216603045 -0.303586704443 0.0560256178777 -0.397268348062 -0.0757267601081 -0.272171057596 0.0847875152683 0.173280765726 -0.213862062605 -0.591245317263 0.371638151816 0.287826527342 -0.272021599269 0.0918779597477 -0.098987935088 -0.158352412247 -0.252498411539 -0.396160982324 0.126628106013 -0.589368768618 -0.148721278682 0.217113857328 0.310105402552 -0.379741441455 -0.043949473501 0.226954968055 -0.587339888509 -0.145079668087 0.199871739741 0.194401744589 0.0379654741983 0.100884625178 -0.387459778658 0.276279904687 -0.502703037007 -0.47188127012 0.128498642276 -0.004423689595
-0.215829026027
-0.227227746873 -0.0329958803869 0.0657921788413 0.588417430842 0.579539149998 0.375797285357 0.190042432389 0.451085165289 0.511037159883 0.485706170737 -0.190523455383 -0.116372411149 -0.433124337811 -0.203096561851 0.383509193228 0.627278714934 0.344688545843 -0.203624800795 0.426333889046 0.186799103529 0.202270087162 0.0597076102388 -0.178605676197 -0.129016692635 -0.156086300504 0.340180337119 0.550409596791 -0.241578093309 -0.0714432366308 0.368520095486 0.246332990426 0.602991893471 -0.0772205001902 -0.0279667960421 0.631742823988 0.136119267223 -0.0192218332403 0.198620874214 0.178307382373 0.447790508097
0.343913493001
-0.401533631384 0.024480339557 -0.484575087538 -0.134522461115 0.0646044100599 -0.128594758627 -0.343384664874 -0.385310875323 -0.219813786112 -0.0262694398961 -0.183149021681 0.0558026782925 0.224367850726 0.0845443319895 0.371621728517 -0.0699735420464 -0.29374600596 -0.388325234785 0.339926063618 -0.202873489291 -0.503697798422 -0.185637401313 -0.270767456979 -0.216507668499 -0.0257417977708 -0.0363369025736 0.282851088704 0.220009771428 -0.372816445676 0.116614242144 -0.500687038427 -0.424725051061 -0.426283709366 -0.40310963576 0.262346330804 -0.209684542337 0.206647900571 -0.254731349085 -0.471253321347 -0.248676083108
-0.0812595917251
-0.195729621751 -0.0763218773532 0.384411558697 0.108237434579 -0.381749962847 0.488915881494 0.318101443548 0.538747004115 0.0514313699429 0.13616017928 0.367044300786 0.257542471352 0.287034410184 0.362893367037 0.258964643382 0.634813343879 0.450720973958 0.175119232561 0.272653875032 0.408975297923 0.294466751832 0.630896784213 -0.0936346932347 -0.307530713671 0.280793707054 -0.0361179585789 0.428564102576 0.382862031915 0.0589217498689 0.604667007762 0.387365020916 -0.0936536297572 0.0508275146281 -0.107879369831 0.234436312285 0.327848402772 -0.380126919777 -0.177672605227 0.0183334156779 0.297044530805
0.209941574347
0.442328043626 0.393299173575 0.578183609334 0.432809601584 -0.393053377377 0.178155119289 0.336301376699 -0.281209590704 0.502579118412 -0.182610891515 -0.240929961148 -0.116139021958 0.437930134251 0.332889042627 -0.0292192556986 -0.220540303674 0.467122330443 0.0267353777576 -0.276911410287 -0.0413957497356 0.162639582622 0.293515802102 0.0696522032953 0.111984821809 0.139736516292 0.00278316715643 0.552102947171 0.573323829393 -0.0770943930362 0.477464776274 -0.2892178915 0.320133861251 -0.275778531728 0.463519619491 -0.0239788716303 -0.0341091293757 0.580852031258 -0.232543095063 0.491814244344 0.515931039915
0.228247703845
0.256305156368 -0.0777800763447 0.392948869536 0.70180832034 0.0139188219337 -0.0943625215319 0.20020716034 0.283666551174 0.131861514313 0.677127530878 0.516091479117 0.0161032891149 -0.147881911664 0.378301182957 0.123816839894 0.143083606663 0.315251104657 -0.0511728702512 -0.088122676174 0.063663567881 0.242742856037 0.594960600329 0.164001211659 0.107809747596 0.162667249638 -0.248519468891 -0.290589617057 0.168982413741 -0.00498585107234 0.0383449924862 0.693044555565 -0.0191397678605 0.451168119403 0.462686984011 0.0306067442933 0.385912981558 -0.0904434004036 0.0982827287944 0.300591970851 0.115640951337
0.334145579684
0.224312020424 -0.183668020288 0.0174329459388 0.151756437375 0.11162053041 0.611180452691 -0.277500730142 0.059328639111 0.497307937117 0.301187377396 -0.183709160568 -0.185777132496 0.311878370032 -0.106274232902 0.184849672753 -0.325842592065 -0.303268291396 0.482062664411 0.471789241653 0.470809804872 -0.0585518959564 0.371577274221 0.326303754316 0.0391849389438 0.0827755038603 0.0661634096124 0.209023866556 0.106369258423 0.151372446445 0.441656477432 0.582970979174 0.359153517989 0.177571678882 0.436620417566 -0.0874263916593 0.252872702309 -0.0446722253318 -0.204875042016 0.339515013036 0.499938622743
0.21543517889
-0.279358339632 0.446459293761 -0.207326587705 0.199989069357 -0.207745375647 0.111161053457 0.539224740541 0.315434389793 0.266537142494 -0.146191164879 0.274819947284 0.112296632126 0.495082444853 -0.0823002503025 -0.211213910652 0.689788155975 0.0571767880447 -0.16979180286 -0.300743867464 -0.365371679664 -0.0426224580315 0.230602480258 0.304841285528 0.0505971060336 0.49758624932 -0.205497628159 0.56686836098 0.010212556945 0.406381086132 -0.255149157641 0.412273436718 0.0466448794249 0.38934073916 -0.0190658730748 0.457596186994 0.122651671562 0.536126035805 -0.233883073318 0.414993079274 0.234556389423
0.290493515731
-0.106541898876 0.58110474397 0.0500111507912 0.05737178531 0.164811680838 0.365719990452 0.423387466004 -0.265247876963 0.107933173593 0.443452703989 0.482439478117 0.00915228211777 -0.0605832367527 -0.432070218455 -0.412108252298 0.0389619580134 0.0246427268397 -0.0143689140526 -0.049587262562 -0.394099820292 -0.0382991408472 -0.167850329238 0.453656038901 0.172277011688 0.525658570242 -0.100058824752 0.12493733654 0.104018208949 0.120227483609 -0.0816697281749 -0.028740206396 0.268594766422 -0.121250568692 0.299214161998 0.307311101575 0.100292251135 0.0963927367396 0.600529788055 0.214788272782 0.6298033004
0.164468816983
0.553885937311 -0.112025508815 0.476388717687 0.173674445439 0.0439475171578 0.493286843904 -0.273973892942 0.1777930359 0.247039567792 0.094446055981 0.521206549408 -0.212498042815 -0.428944834798 0.25562100556 -0.136797546413 0.65072905162 0.591670050589 -0.159662962504 -0.209583863244 -0.267471246698 0.556650364605 -0.134123030468 0.568433720873 0.116455092964 -0.0922291763613 0.504396973486 0.538094943185 0.358574317478 0.304013747282 -0.167398276403 0.374040146504 0.146737400199 0.379764013672 -0.37220589471 -0.132407443932 0.482226148965 -0.105476945706 -0.138267190486 0.610547308913 0.247381639748
0.261708999324
0.348827082384 0.435681143168 0.131949167704 0.282285509735 0.412428749508 -0.0270865001774 0.0224762878266 -0.0500748230549 0.163925713109 0.684589625199 -0.07851535151 0.565742397598 0.0981629012205 -0.19181417026 0.123862065928 0.434288029985 0.0910885380015 -0.191948965043 0.472655065069 -0.101916585373 0.668888230359 0.565695208234 0.211373152927 0.0776169436524 -0.241793237417 -0.107263282032 0.130582637067 -0.174761555261 -0.18207688718 0.0113530750226 0.0400108274117 0.251402381558 0.585122124594 0.386765786911 -0.118868471338 0.609608883866 0.468203198972 0.0932737494831 0.268213774227 0.0462463113312
0.316523020741
-0.0925942744185 0.468517590179 -0.298129163446 -0.0348616933765 0.182215666472 -0.261584238883 -0.130529160027 0.665827871642 -0.0763652464405 0.167314823032 0.640193113081 -0.140213040092 -0.366494621061 -0.267604045898 0.0744470292317 0.127167321211 0.43164301167 0.700726221872 0.245739252987 -0.264210744536 0.235880307945 -0.075832651301 0.199858927254 0.461510497372 0.210711516584 0.360135051465 0.0693731537833 -0.264461438733 0.337913611145 0.211428490024 0.332302542097 0.150855561127 0.557287773319 -0.320001200965 -0.161620643676 0.00673929537036 0.499182263146 0.206174289238 0.645597530662 0.326967809525
0.330407764375
0.535946896305 -0.162444228535 0.589124059012 0.121628259849 -0.38402757321 0.265902788644 0.29693145752 -0.134540510958 0.20596073386 0.499808144017 0.218972826488 0.613307856446 0.00488726523092 -0.147151827439 0.417893147662 0.344121737865 -0.0217435016692 0.2295778601 0.157361256996 -0.236327686902 0.259442497328 0.626837038142 0.261525639577 0.106473907557 -0.244119480087 0.284351557016 0.268368301816 0.358587210641 0.189197258472 0.27180733795 -0.0430368913909 0.451339268195 0.536661070348 -0.340989190873 -0.300453514439 0.697454002237 0.0942782825069 0.0148684698658 -0.2209882654 -0.151556424663
0.306532284982
-0.394176568708 0.285178578044 -0.240783750711 0.220241548051 0.18328964165 -0.437816232353 -0.137891427405 -0.0472628500921 0.462899715595 0.0693704554242 0.39977472815 -0.111776983302 0.429337474922 0.178268932606 0.473775410548 -0.224256587722 0.121223325935 0.281256810834 0.225870926786 -0.466087779603 0.194000817959 -0.474696952871 0.100110625547 0.389756507097 -0.322660474196 -0.327012154054 -0.155684995292 0.286461552918 -0.457325179234 -0.543086596815 -0.00306377538093 0.361502825353 -0.16614182713 0.367833525789 -0.330552916613 -0.508100688563 0.241234393076 0.196197590598 -0.421861005168 -0.197644749846
-0.11360638439
0.336105942169 0.301109764134 0.344530049809 -0.16529545166 -0.329831773069 0.0442522443284 0.0948067423756 -0.0925522042923 -0.0612466460575 -0.422936586169 0.269501949303 -0.392401181098 0.392955529157 0.411433024777 -0.336340536373 -0.0587667079794 -0.471048836295 -0.164374358684 -0.0985140786384 0.0250413004729 -0.250709369074 -0.426772183461 0.339356659805 -0.116533988841 -0.0232070041444 -0.359982414481 -0.3542053532 -0.0610154654645 0.166329963388 -0.526943204723 -0.410653628985 0.0736103138618 0.360091358711 -0.355326463966 -0.371548520556 -0.212625333677 0.203489334194 0.0974522107429 0.38227730103 0.487860857246
-0.042015713081
0.425058487925 -0.347723779725 -0.239670063443 0.595906414113 0.0273120914918 -0.0951229376316 -0.307688243205 0.393527408878 0.516192891905 0.0667487533142 0.0078935027626 0.0409209881909 -0.10755716409 0.164754265358 0.0302691054095 0.650110570099 -0.20194608262 0.318856839381 0.200244995227 -0.445141240966 0.351710490921 0.476122172678 0.0582773374708 0.188330941145 0.478231211954 0.175420023948 0.296967955183 0.391209718672 0.515907668161 0.292042337853 0.621093860795 0.23428028581 0.502322961622 0.0817162943423 0.390553013424 -0.168644050665 0.445482892061 0.162822777279 0.212551164437 -0.242510717817
0.191101987154
-0.210628081694 0.539077638294 0.223497501965 0.0361792896992 0.1313194205 0.0502314883798 0.470751707055 0.426374722252 0.544582907549 0.0780726534413 -0.10137437972 -0.282733777879 0.243963626337 -0.355925216939 0.0501297258166 -0.0126981104586 0.633386438142 -0.218994309472 0.111779595892 0.0966252253202 0.291033762215 0.231492389259 0.416661492269 -0.129251221106 0.225025692064 0.351330288916 0.177455274307 -0.245603236967 0.162529391081 0.368523854113 0.0916963646774 0.141917039419 0.0681569067511 -0.319091120227 -0.307622148934 0.481783438603 0.563425839085 -0.0585146581085 0.208132753756 0.612681603288
0.183228285957
-0.110893752577 0.307503357736 0.167920599633 -0.189123121682 0.139703716942 0.220745730016 -0.0485200420744 0.621967548702 0.0853775145858 0.358384330894 0.492755125284 0.104474696646 0.106538557333 -0.241126727264 0.445445827854 0.583865485447 0.218850156964 -0.125561770113 -0.000785921665014 0.185723400903 0.117509471341 -0.309085914434 0.477916878967 -0.318097293774 0.325915017351 0.417128640506 -0.22307083854 -0.295988519056 0.611874479923 -0.288542001515 0.576699022088 0.151839056082 -0.191405006956 0.0766230720085 -0.317937387694 0.127761916995 -0.222785067898 0.4080766454 0.632951487911 -0.246761576648
0.180659558543
-0.328539179431 0.46956030341 0.549890792624 -0.21334405163 0.342863083747 0.50180161805 -0.0941295204815 0.129390766181 -0.210456799569 0.0309879742347 0.46837323411 0.118097807044 0.0155148890523 0.57531895843 0.272206114884 0.472615623013 -0.17962918579 0.577729657421 0.320796379781 -0.248853515568 -0.157881114289 0.551665742812 0.0331213125305 -0.358780486012 -0.358659636922 0.233299538041 0.393819947187 0.0839554591104 0.420113950048 0.554772579826 0.208462460843 0.0641286471166 0.488070746169 0.316035135383 -0.209951741533 0.0801879045488 0.0969997250616 0.351295607678 0.413084737813 0.25468430775
0.296836652193
-0.284059000189 -0.283095719154 0.517766041484 0.122473048636 0.134591884231 -0.218917063723 0.00978154744205 0.622130476405 0.346720580277 -0.208658239817 0.413596232452 0.295345642441 0.210056197419 -0.0963142632939 0.357253809174 -0.231172874945 -0.126466924223 0.245629344362 -0.0623619534399 0.0533439503187 -0.174501265339 -0.296212188095 0.00308923337845 0.137428434031 0.503458985287 0.489076791829 0.685031756462 0.147045569191 0.167203383134 0.292647969815 0.490189837384 0.0442206217413 0.00440205881902 0.00157165934014 -0.0245640719654 -0.00813721112938 0.0447633652303 -0.0850795520381 0.177363619408 0.572416444324
0.188808635274
0.607711253446 0.649968729083 -0.102809735869 0.536160944234 0.314343349289 0.168104180871 -0.087832827607 -0.260606672534 0.617207250742 0.278131945781 0.313427354437 0.0609943789593 0.517838667605 -0.147304804157 0.36704296295 0.451701762627 0.117159101291 0.264858904633 0.570297174711 0.122042738218 -0.0477481793987 0.691225753164 -0.256641913076 -0.21420928092 -0.0384019881788 0.344004206397 0.648029101193 0.0916535974737 -0.0939118247793 0.499052150845 0.0756842462097 -0.350717030993 0.552285290514 -0.360610532006 0.273254113535 -0.0840965246488 0.140765678464 0.22110423567 -0.180126495444 0.110955293143
0.288876912892
-0.14945666872 0.139280600873 -0.196224148904 0.442264714851 0.421827810115 0.348780726826 0.290287399857 0.153103454151 0.592132524898 0.576713914844 0.66387897499 0.363263390399 -0.31467070331 -0.0867736425339 0.343500933001 0.709449175083 0.406701400134 0.302213371396 0.0344104904414 0.106056970159 0.309457971668 -0.283853268062 -0.361255963458 -0.0834157313797 -0.271472619593 0.572703166953 0.604394094353 -0.186382400679 -0.128722873191 0.423874918324 0.0549308738656 0.426611604502 -0.204037197095 -0.208895613145 -0.138313202685 0.463065652587 0.0508553279411 0.0828806214131 0.211944365113 0.27333766813
0.297563767804
1.0387288917 0.660728802964 0.107359215705 -0.195079833995 1.0528208542 0.954465069502 1.05376222648 1.43347089918 -0.119277240981 1.0124041387 0.00842744205378 1.42612762686 0.36053834953 0.767683762941 0.623577590958 1.04486226746 0.569960549102 1.25730948642 0.445335117348 0.978982270448 0.356717847781 0.132383238363 -0.0831585808142 0.929105185944 0.369841494392 0.211035121767 1.24506902686 0.0953879015434 1.00117376379 1.26192079234
1.10025903874
0.702913564914 0.331331431354 0.309431678852 -0.0923904966016 0.488450746714 0.612700163501 0.782938433219 0.629009826176 0.407315347366 1.25657738806 0.137551391188 1.30853692079 0.860582438197 1.11404968045 0.908421004219 0.11269821347 0.751831331396 1.29121942039 1.20590306949 0.4738060713 1.01245534041 -0.230055290908 -0.313171449678 1.43373905597 0.978235230901 0.673561093331 1.07348729897 0.646433951669 1.04236985645 0.828393784417
1.09392780499
0.659934004438 0.296610134559 0.601557469382 -0.168681340393 0.908631419611 1.19970001453 0.386032634386 0.811551718419 0.322107826765 1.12985340373 -0.0789128151458 1.10842596987 0.531461535379 0.998531387225 1.02762155954 0.764413396474 0.0333608466573 1.2863453173 1.05508993795 1.00295825799 0.615336729857 -0.242916898299 -0.109390501329 1.12217197985 0.915953978529 0.537474790498 1.02098321621 0.447989880851 1.13220744508 1.27405384139
0.944026623503
0.0983155661815 0.684881954935 0.792076238009 0.435841602213 0.741886255415 1.61181881517 0.740152545241 0.960920728267 -0.194033294656 0.817302120698 0.151535649616 1.0531847962 0.79420591131 0.855195486407 0.664610028003 0.659144500042 0.519836329515 1.58760813025 1.11554372774 0.388217494831 0.744238001544 -0.0587834557453 0.298330632853 0.788835740664 0.270997187347 0.741143516806 0.982986590145 0.0682647920514 1.23324663226 1.57545080425
1.32292443588
0.295229337584 0.471183607537 0.635043458016 -0.178835008308 0.777960249013 0.712222863922 1.00246322853 0.929030857618 -0.36663091497 1.16106489364 0.227448751064 1.53284286336 0.351512376986 0.891773822747 0.547730943809 0.431024278739 0.252330088604 1.0548920988 1.51068541369 0.443495037536 0.626485878934 0.194616635693 0.222158818869 1.43573942295 0.442376561339 0.552224883931 1.23075711198 0.389935488115 1.44561683321 1.35913015734
1.17081555418
-0.119539168033 -0.875876268371 -0.330793945682 0.317911379672 -0.270365192926 -1.37365242685 -0.372205171313 -0.732165388127 0.18746571287 -0.857306250257 -0.0216907640133 -1.39681674399 -0.603205506943 -0.333697083624 -0.510367025027 -1.08221812564 -0.501560100851 -1.22552222682 -1.34307469392 -1.14343832566 -0.49496067301 0.047226892106 -0.320226212879 -0.786710498556 -0.587360926916 -0.971354120095 -0.415270568608 -0.514006172941 -1.10204278261 -0.658680643512
-1.01630256858
1.01228856252 1.00726859517 -0.0128628421442 0.40857255744 0.419489650035 1.24948185735 0.55142038129 0.674522347829 -0.171324634203 0.970087214873 0.136938925966 1.46552079862 0.954160441027 0.975030734592 0.768097860852 1.0737536589 1.0343274828 0.909184969036 0.936610661538 0.376713474041 1.12937572795 0.714955703779 0.0880930533439 1.50293414197 0.804878978424 0.631870010746 0.869309344468 0.0294146479884 0.465953462107 0.762391189598
1.10321338192
0.790540976123 0.325614263913 0.376652885809 -0.369435668484 0.351315411977 1.24700367852 0.686357785779 0.693575359461 0.490406590039 0.967558734298 -0.31496029239 0.792532071781 0.578617474144 1.13890048656 0.461797396488 0.798035556674 0.0780294660377 1.28669384079 1.16931546923 0.971095319708 0.719739430884 -0.16042124174 0.386630362881 1.32761514065 0.407949717938 0.700360696602 1.0589401928 0.670220537712 1.42510202022 1.49959940498
1.19105875401
0.200916238352 0.888736516796 0.437389160805 0.463204589152 0.85082058033 0.917710677318 0.934412572948 1.36140038667 0.139817489382 1.30348572675 -0.427731089564 1.33270093152 0.242261673437 1.15466273015 0.264827041787 0.400253567225 0.355805518049 0.923060121746 0.692950848878 0.937593999511 0.544215824743 0.570008722356 -0.0704743193278 0.705816442926 0.828815651595 0.80930972412 1.36804873434 0.0519119782943 1.56375267275 1.25977079895
1.2358127636
0.19182989697 0.860914458742 0.246227405365 -0.425632696871 0.959346898319 1.20804583662 0.420191662143 1.00920283225 0.476315014814 1.38588457457 0.143996560249 1.20924546086 0.240578816447 1.23278046446 0.500842097358 0.284135307104 1.00927956721 1.05271656786 1.10243238988 1.13851167139 0.87885829626 0.0578134086808 0.422690740989 1.13479351434 0.63235247078 0.450674706825 0.5194886634 -0.0349301422295 1.16359359929 1.42384186856
1.25843928575
0.293565054365 0.501598183478 0.258521552034 -0.196781111144 1.08518078199 1.44637734791 0.895962887405 1.21577338951 -0.23233436432 1.05022841074 0.174400839754 1.21813956647 0.714272466537 1.28532954953 1.02914912443 0.311931845352 0.350132761117 1.36091657438 0.80334666008 0.884264847126 0.612857057853 0.519322846036 0.245893600489 1.12948445057 0.778846371628 0.146805246277 0.802153177857 0.764625847654 0.711995894937 0.871691770052
1.10428171526
0.366860775573 0.439916836281 0.43399205391 0.251777795097 0.917919168377 1.28534003095 0.651246494624 1.08213216584 0.264423658168 0.671782589448 0.0675637375559 0.888422920794 0.765259006258 1.28191287296 0.747765551101 0.19352449109 0.137226552576 1.42362671253 0.755145200093 0.696427580745 1.22063755869 -0.378759705512 0.275630358143 1.4381176999 1.11552322702 0.217087747937 0.890978080199 0.897389364636 0.821672954562 1.27799183676
1.23496356278
0.323410479382 1.01088721877 0.635697901157 -0.199623143957 0.335511988117 1.22728057392 1.10353778408 1.58341939526 0.0567709902492 1.18184309237 -0.123000558929 1.48403252006 0.480817729049 1.24110733404 0.609995577811 0.412205513114 0.258018260873 1.22169139125 1.03811049737 1.1493147576 1.14194512864 -0.0542858606491 -0.173405108475 1.09061636505 0.15240118313 0.399626875543 0.310382394782 0.0134696542491 1.28314572967 0.9836070498
1.15769750428
0.935929478966 0.887539321515 0.794231733518 -0.303921585405 0.650999539821 0.836508177459 0.970425491034 0.626498194631 -0.200190196087 1.37058821485 0.11866044156 0.666628973815 0.446304586825 1.3698393139 0.793091578268 0.654694745839 0.0792432976129 0.868278781658 0.710228800351 1.12036460892 0.906648613896 0.329483875276 -0.230591498528 1.38888531967 0.793582711957 0.104663576063 1.30864128878 0.84903910462 0.586391486729 0.909521073021
1.14045224349
0.81251847764 1.03987702977 0.907610349042 0.542477610933 0.696744340551 1.25182308132 0.599789581083 0.850751310933 -0.268125645595 0.931281195696 -0.193536681656 1.51623820271 0.0321763763382 1.06754577792 0.699309103253 1.03637600078 0.117189847717 1.03959619098 1.25376527695 0.975001398421 0.909785776289 0.268978836775 0.132729509276 1.02948390485 0.312252996229 0.103832583938 0.709060723287 0.866356867803 0.953785409183 0.959006209036
1.05719842458
0.942423919054 0.561627402319 0.708776528123 -0.271985033106 0.702492433779 0.540009841656 0.564722860505 1.40817612497 0.213857428956 1.20884157343 -0.277602331049 1.24125968744 0.139512617651 0.610263584606 0.838588307186 0.684857725424 1.01972973365 0.582423785805 1.25962567332 0.783787321184 1.05173748003 0.553156357255 0.202125044783 1.25369486171 0.664180402543 0.500147057204 0.545255412879 0.404211982356 1.09654932939 1.27598541994
1.04020989928
0.121324768804 0.500939281077 0.368016437221 -0.195998446884 0.556306514913 1.1690025515 0.606672543036 1.49364936382 0.0875665561035 1.18713074929 -0.00645212140154 1.04376534511 0.346130140347 0.477631364711 0.323053793458 1.14099212982 0.773164789517 1.19141443033 1.36613415063 0.556677925576 0.638067045579 -0.217251763638 -0.0730565151994 1.13558466805 1.02300408333 0.948118289955 1.03180317827 0.675902435912 0.983651327655 1.05314878666
1.17350926478
0.342437406505 0.302624131078 0.972211741467 -0.451384650008 0.0999619177059 0.967681255306 1.3334311988 1.44979526371 0.298589373798 0.826281220509 0.0856618810053 1.44072795831 0.837285995782 1.17664063578 0.7614289123 0.590636968742 0.284826829261 0.792075450731 0.882338753916 0.358919885687 1.03194569197 -0.219807562663 0.634645424036 1.40172703 0.398733837747 0.527861175879 0.739621812982 0.811179333536 1.13033466129 1.10707166956
1.20894231562
0.66027846638 0.978623662251 0.641560945434 -0.132544373228 0.777631914632 1.04022690757 0.314571247649 0.665426583207 -0.460737119629 1.32132389393 -0.256895145103 0.825116013046 0.744552375941 1.01656351457 1.04795524539 0.142328568296 0.791465244578 0.57958569058 1.04432722352 1.11403637499 1.11665369194 0.487486229464 -0.320020837308 0.950224294019 0.582088974935 0.615528497836 1.31255776864 0.459143778437 0.982614174251 0.947019908944
1.08040825546
0.722104145595 0.958924943267 1.09127352868 -0.0673929987095 1.44419829252 0.438892518787 0.41673917759 1.23916652475 0.270216694669 1.24547796541 0.345816363266 0.532372369025 1.13143368557 0.628458534082 1.0468050115 0.881949623965 0.404091739024 0.363475753616 0.336547732071 1.03079813994 0.983062313853 0.223915379044 -0.453766422242 0.431068429234 1.19920644604 0.887613173956 1.29972428962 0.803286674965 1.03131073723 0.632642068997
0.651120475078
