50,40,20
0.017247560794658685 -0.056813659818105065 4.258669278122759 1.4514630440311367 -0.43460605779596156 -0.14713536792928714 -0.18356918641132397 0.10502796372473759 0.5483754151981699 -0.9660422503769094 0.3063601420617144 0.11808312427673809 5.463637371405827 0.977852304630917 -0.6826699787741011 -0.554113170666507 -0.4253738106714135 0.4581173163158767 1.17062992902176 -0.357470872343471 -0.6482918867114802 -0.42633686210369315 0.08843101471567369 0.840273901165091 -0.5523721009849046 0.30142493826127137 0.1605996545610336 -2.84628581486141 -0.07953553820233766 0.22268738723647405 -0.10306204687547198 -0.17985664715563865 -1.446414122322478 0.46050129239881854 -0.2424497571089418 0.02780594214269254 -0.016168667484797918 -1.956932598563365 0.47954789791977065 -0.22346846463357758 0.05490178199708747 0.11450610337250769 -0.9470848625046938 0.3526196440480631 -0.1805193162789745 0.043789766675664886 -0.017018191709445588 -3.521165852398745 0.16585031980483977 -0.42523259196992164
-0.8874793755989383
-1.029846175821158 -0.46075391044607894 1.3218396441835716 1.7395762191055342 -0.007137394159989627 0.4590735757999342 0.2273716166996503 -0.2246834488687878 -0.737733983748971 0.05433556451376136 -0.327461905535717 -0.12777016861600526 -2.6046078460396456 -0.17359442294317728 -0.14863525404828978 0.6408532143050062 0.4593683477125628 -0.4124725638716863 -0.5442813205982333 -0.11089410999218888 0.23311042013412736 0.09933886783868638 0.34604724561194133 -0.05838021992636673 -0.1425469879578927 0.06821462352721071 0.05242693313599001 1.9354729104539072 0.4190666174889265 -0.10996993227049895 0.6845289669434225 0.3353345649578331 1.3202639082003411 -0.7840456254186011 0.14784885507256376 -1.0902694322288229 -0.39712704154161904 -2.8176696657310756 0.564289945548931 0.032830206524737615 0.5563130944444933 0.19723723489985517 0.6398184774616906 -0.3999941687899084 -0.136748738168794 -0.44606422770195536 -0.2650238489184171 1.3206253067400249 0.7430553679089729 -0.17402499521643044
-0.060255283569611844
-0.06361558412822287 -0.13133727816354712 2.3318319099311484 0.6963303193343989 0.05802339804579416 -0.25196422425023585 -0.17552784996413298 1.3895519525864855 0.9493825671199986 -0.5092777297493585 0.021034757714856623 -0.0884744092633245 2.5232120465771257 0.8279781020859213 0.06646336580987112 -0.10636379372336749 -0.09940398496459989 1.1199587099877373 0.6708943351478406 -0.24492902201739575 9.609083425064367E-4 -0.11912731394347405 1.7379589306584335 0.8709718720197043 0.17554663586114222 0.10093037913956658 -0.02665341306212858 1.5743005826152598 0.7058288596567568 0.013789494493889868 -0.5238577499676851 -0.4259864166992013 -1.4350143719198811 0.6278787495071082 -0.6075185972315155 0.3862209961784564 0.1335798829497559 2.1966026472127798 0.5325323499514264 0.053228496552482546 -1.9098063309999862 -1.1559015850293808 -5.800316222673506 0.052822419009473404 -0.8953361620160164 -0.17267796611731287 -0.15727927197117614 0.01347191232180873 0.4168998513293899 -0.7111490322827889
-3.324845554247971
-0.5003286695060647 -0.0869759670690729 9.07130866900846 5.215502104470243 -0.43333526843616527 0.063149263547981 0.13622507010889223 -2.18153811048303 -1.0041295357930367 -0.40836032971111214 -0.038868796341757536 0.025238014183329098 -2.075840626472064 -0.45476614008808713 0.24373259151960847 0.06240915214901307 0.03942001846162616 -0.8058791656846399 -0.24458348453923115 0.03310330572026214 0.06563058144201549 0.07054022426380516 -1.689371821056188 -0.36950910990602764 -0.08740720229663573 -0.08569270363745507 -0.04237501497263991 0.9318439836491458 -0.1301586632672176 0.1872756730253191 -0.1048420128285206 -0.014907166221087124 0.10897367313611642 -0.08070670167213927 -0.10276472888142861 0.11409953598069461 -0.09873587743093201 -2.015419331101095 -0.1643145429175479 -0.34922874417023403 -0.00320996849289333 0.043436001510847186 -1.0833013535319782 -0.4415639988882109 -0.30339186415811364 0.05841411538041324 0.03706774914046197 -0.05591746639390048 -0.3418323122160173 0.23407896163586575
-2.620959476100073
-2.0449648056723495 -1.0309005366913575 -9.455026071546015 -1.7430952927956072 0.18915432301877436 0.11431072090737546 -0.020924012886427104 2.310521825324465 1.0101862919452502 -0.20360743965118655 0.10632928153612622 0.0016026617931384826 1.8639849312586814 0.7470254641489148 0.32744246518055664 0.08327748178642302 0.004257217474491428 1.9179552710767063 0.7526022553165491 -0.017842448517439945 0.03570107123536008 -0.10824524036253556 0.7641147353833162 0.8815963522800936 0.06374632867970556 -0.1696956842925965 -0.1132199904193694 1.9718762626585342 1.021166355864606 -0.11050632805841064 -0.0038259491235278537 -0.09707361770909922 0.8105639993527232 0.7802839765216554 -0.1624622391872602 0.1768445088721247 0.09183757498744985 0.14417303558555697 0.3827301796899623 -0.2585690704887871 -0.09430058618086704 -0.10898501296421859 0.3446110426663773 0.8953754586790553 -0.43006522679948583 -0.06180420768032788 -0.037749015714873366 0.7632725205792913 0.6243980870867573 -0.26245067662675375
-2.4028128431805356
-0.0468477225957127 0.05383307549440934 -0.380673507461962 -0.07278662014831302 0.5268182626509545 0.30662002922526865 0.16203367877307098 -2.6225218551753615 -0.8286771707276015 -0.2304104994562761 -0.12319979492058725 -0.09005377140859855 2.3017981440462627 0.5075569414022428 0.5376432317449 0.19154149143229499 0.049080508183764714 -2.1966556511029762 -0.6485799956814203 0.16253881247206978 -0.18847110663605174 -0.2919895757657925 3.178430698323754 1.2467716734780887 -0.15097479162564972 0.2806945042084179 0.14678988854032202 0.6042722136448568 0.29515793299087323 0.4347625086306735 -0.581839137438799 -0.47787445582866067 2.0831770802531624 1.272463884387947 -0.32852859250418215 0.27670558042948834 0.2563007896680183 -2.4958693476643345 -0.8399819333014176 -0.04297023624593689 -0.15326420301693947 -0.1740467117231767 -0.18136948699798663 0.4970107918922996 0.15702448668093272 0.15815775614051128 0.03338111037940528 -1.7092927952668306 -1.0645002475732845 -0.11552341989311854
-0.6382339327878109
0.06777784270031213 -0.08567407048747162 -3.140681281532492 -0.3149569942540034 -0.6260776814376383 -0.12375908146724585 -0.14408966523345068 1.4028278386066728 1.0037244329515609 0.7507702835580735 -0.26192389995218535 -0.25582726452035387 3.5072084589476105 1.1541398105935317 1.188347452055646 -1.398408244457336 -0.7285336382623211 -5.090972234150418 -0.555424694313654 -1.41657010422783 -0.08636003895084403 -0.11134587443047915 -1.1836379301697482 0.2539537799002996 -0.3695246017314878 -0.583126141270738 -0.39570466873995974 0.6250483514293175 1.2762122166945409 0.5608413325380968 -0.5451239217284253 -0.39460784133932947 1.0723958400073086 0.8876896142649157 0.3839058524819828 0.09807375128286774 0.029197992271881464 -0.034571094508884015 0.24313864038017438 -0.20746866398885236 -0.14038010590182162 -0.16499597382385375 0.5635878856082689 0.7231793755873788 0.030835798647134503 -0.1429509143899999 -0.12580427135856695 0.7706657033504672 0.9235160813775334 -0.0033906281641168496
-1.9296264249370483
0.6971904719901744 0.32317218069541076 -0.7378946035771756 -1.4820017933992948 -0.23280240778226438 -0.006765906352903961 0.041992786331425176 0.785706283713602 0.31587948171354063 0.22213915971031256 0.47673865480438793 0.2901769965171662 -1.095234955160217 -1.3147854241412968 0.1933026876395663 -0.08103515361272859 -0.03169395653754432 0.6249251830121403 0.7911249958260922 -0.07651984840919669 -1.1105336090424383 -0.6214374470493047 1.0776675160515108 1.045620696313298 0.0055555848089601945 -0.20653513709749277 -0.11984917880151963 0.39877254231920434 0.48412011427323975 0.014221353541686492 0.83804540526196 0.524425128862057 -1.2079008908853397 -1.0842928828185368 0.1170828898769547 -0.038932597121280846 -0.046991098265362644 -2.3741449369584697 -0.7487221974886669 -0.09532398361380152 -0.698491725523678 -0.47255680122918875 -0.2080257006199454 0.796174968375966 -0.04110855023781433 -0.11051738954428825 -0.05596156692720885 1.7025836626240771 0.5775773914808552 -0.01863278259601549
0.48485240105995475
1.429016826748523 0.7050718834053958 2.6312328261518925 -1.4330130667756271 0.03630980118423868 -0.05258503717562738 0.10027878658617839 0.6090991007803879 0.19218868835185354 0.6415965275776538 -0.09989955615434118 -0.0035813486914242614 -1.1598891956697197 -0.2516964680436288 0.908901707918028 -1.1219832997371515 -0.6924241469237157 -0.6035685965087902 1.0751908386703688 -0.23439997273173022 0.9955692412912502 0.6328664276110688 -0.5732615448848036 -0.9133961231438501 -0.08381571267840168 0.05434743749696406 0.04720578831827752 1.2233114381251302 -0.046487419663284596 0.32186133628035013 0.0014015218988462504 0.019662817949248467 1.073278204013731 -0.3053488021411151 -0.053818214597152234 -1.1565694786798189 -0.5095126773393462 -0.5934767387581116 1.0814123115783756 -0.03713364574884695 0.1143323020331742 0.0015789845573856633 -0.4104819458763503 -0.07999053305015832 0.05058285159036454 -0.5116639682288142 -0.20667490907528607 -2.491385766498067 -0.042875917036418694 0.20577916575112734
0.22289647648844185
-0.34817383903350646 -0.12090457084425216 1.9503789004249437 0.9162315215829462 -0.053345111109251164 -0.19089476296393484 -0.03420487783012934 0.4936904195691717 0.7751884732422128 0.8816853539913516 -0.36165362209241214 -0.1249063347259678 0.3619176566332655 0.7494078833296383 0.34510004783370035 0.7446495550270292 0.5859666614214708 -1.240354328671945 -1.2630439255415882 -0.06704599668870695 -0.13683031383400013 -0.004392467238466198 -2.269433032801769 -0.13316312086237114 0.06561900271042162 0.6105670173609504 0.5031214316986474 -2.6059188090627194 -2.060326579559081 0.06327868170027284 -0.19913098245489608 -0.18614941610148783 0.48764915680965326 0.2008248406010164 -0.007786537091887185 -0.3842319453175523 -0.2783042086380051 1.6370269453613966 1.054065340621401 0.328009141836772 -0.33453389994863275 -0.23221413761928322 0.9227811921869015 1.049677713530647 -0.040332306895708554 0.5067584202134062 0.3460734673000582 -2.689087320022544 -1.888623839824309 -0.03778334692243246
0.4989571879785506
-0.4153897677781669 -0.16602822933445308 -1.0410623572512971 0.5843178663028424 0.11308293489151094 0.23348608950482339 0.0746531479970784 0.8374965144598078 -0.29136573470994614 -0.04725995001354647 0.7699051931258275 0.3539937128158784 0.6666545516978227 -0.7951074089332606 0.18440151836492455 0.07155366656263126 0.04822397256319418 0.8695323144874082 -0.1633738921743816 0.05872137896057725 0.36297938372135913 0.22720725488838553 -0.5945111114804034 -0.5130239233877052 0.019417242500952978 0.23837918068134809 0.11100961429408945 1.9022667608055726 -0.1979433522284917 -0.20596162012905556 0.3390486073910379 0.18528463383594418 0.9056789258079896 -0.2336605923887303 0.12911239572514074 0.6156989213969778 0.29726072122613906 0.7356628060157688 -0.6717609004508115 -0.2488226985039251 -1.290988483187119 -0.8009407621080954 -1.8822461330741176 1.95244321664663 -0.11241980970771795 -1.350873242705248 -0.7481608351462844 -1.3191562258493013 1.6074627544977875 0.05551487031561515
-0.34408989374266313
-0.503267874712482 -0.2607242629724478 -1.9262712481596087 0.7012309080941812 0.23104923138813138 -0.10792334474382119 -0.07810040494991256 0.6617998720607041 0.7372096325090078 0.2646773067750791 1.28503307637381 0.5980779061241621 1.1284659835027746 -1.5760116386882985 0.6597642990961367 0.007113289362935908 -0.04316129938330613 -0.4886719749554057 -0.23710746380492778 0.09372670460364145 -0.47299785168797487 -0.21632596168225673 -1.1534523999298214 0.2577208265170385 0.09036548505075136 -0.31811008560485493 -0.21130787342668286 0.10564607488771639 0.4885710853927448 -0.2176155410765894 -0.2124177285656179 -0.0993135894489398 0.7187067792876594 0.1546454692468725 -0.12151352261916908 -0.5874992014525113 -0.32347123685173573 -0.0825796007523743 0.7281856957382685 -0.15242972584993866 1.0169432436071089 0.6037457500133381 1.2077376892489018 -1.6867032566424993 0.2021949448111488 -0.02980687269714987 0.0666497775792455 -1.6706544247404391 -0.5698352951728854 0.25994668521325703
0.340044390440202
0.08833500433359395 0.044452936841271475 0.522390926155601 -0.6188547008243137 -0.24383694808838058 -0.8472105248277986 -0.3554519807905498 -0.11779961574611367 1.4851236427792922 0.4728481724139622 0.39753477030968287 0.19765302187889766 -1.5390791952411256 -0.6927361059250761 0.16451095556269493 0.21970960401434378 0.17299724589919663 1.1948893548832042 -0.13123349765977377 -0.4440529450168804 0.44897971139533804 0.3301118111819121 -0.5432566336738115 -0.665651919002421 -0.3226037936946839 0.12817670528752104 0.09401029552883686 2.018631631526849 0.29262751527113806 0.03665943455042043 -1.7078229463717933 -0.9794058870279203 -1.315912395114825 1.9201643995643625 -0.2544729119628603 0.38490525571646717 0.22438928747855114 -1.0037912667926325 -1.152991904974001 0.14680031842781752 0.5823296791841 0.31510429992103367 -0.4079947385099061 -0.7121402655260854 -0.06434566270697624 -0.4734831978843211 -0.20321798255924467 1.94423458037988 0.7035639456438607 -0.30216683167661257
0.045464316697438216
0.03391227271202334 0.03551879966076541 0.6938685004847375 0.025510912179562462 0.26884377084003025 -0.21617609981501876 -0.050387975152184274 2.371649984855179 1.07008641001982 0.32919824293060623 -0.9329004272802447 -0.48631902730319587 5.8652988897414735 1.4373747511865098 -0.3132968968233849 0.18579168640149749 0.12805624738250018 1.6946184994120352 0.33004749495651364 -0.12574365898734646 0.12735156027213868 0.11506518720350263 -1.8910458225925812 -0.33269044992558705 0.12330083459187083 0.37318104541404845 0.12000345373866986 -4.136840592512042 -1.0438527237021793 -0.0394229587564736 0.007371088970839043 -0.06313437689275236 -1.9423166564846834 -1.0335562883752925 -0.19826052460285348 0.2043692542889577 0.1843574323216657 -2.0219935786649685 -0.8284349636239017 -0.09496543583243126 0.07259419117874841 -0.041135479066685784 -0.6952089462683341 -0.34266850548072036 -0.09975044990833222 -0.08308532963666049 -0.16695245627993527 2.929343958390787 0.4839395216093442 0.011833805009369997
-1.4470016868375257
-0.23186783772271713 -0.08178811300360574 0.48479146683843544 0.864679319905313 -0.03721099739146121 -0.3414169800366752 -0.1479797081155784 1.767664477199711 1.055490148422498 -0.22467821024129292 -0.022447004405140705 -0.08022204605605171 0.4185741740083548 0.7202856245161576 0.3360045641527747 -0.15368493990572882 -0.13103666192150704 1.0368012337569308 0.8407632862084483 -0.20026595364942928 -0.15336207033504326 -0.11621393069191657 2.0080241924806543 1.2050846241584499 0.14520097917673064 -0.16666679609695792 -0.16511389112469083 0.9286167981886435 0.7845006028197546 -0.3314641761249533 -0.10364880996244015 -0.13609941922060062 1.0807476030861776 1.1013324035853276 0.2868562705285282 0.12288686093619869 0.016576141188885403 1.1156287760557906 0.7166745983591111 0.0641231812355266 0.05404391450829553 -0.12440356027436852 -0.3230414745905734 1.216630716763222 -0.2699603405029372 -2.184435022159519 -0.9984242239200705 -8.179013727282086 -2.068494414486921 -0.26016450643000216
-1.9159758745265438
0.11606500602523816 0.010463183214665783 -0.9244374745934514 -0.49954616524750234 -0.047148791991969786 0.20383670915435873 0.08179965500259107 -2.1182292846698596 -0.8525020223056116 -0.21383210414971018 -0.011936536219847953 -0.03296339709690294 -1.1918152621612654 -0.2353636439064192 -0.18042367184156993 0.06846077848292403 0.006126242692108071 -1.0941166810957779 -0.4339721598362062 0.007230803898276297 0.031006081469277986 0.0842042486086982 -0.841790195226018 -0.46176724896444266 -0.024741600093774425 0.050406486891209745 0.0971249948971204 -1.939576056357203 -0.44853713962232333 -0.16890848616040866 0.079812960531676 0.07375226067714509 -2.609247197111905 -0.9548534258711193 -0.4643953731662744 -0.09637311025703751 0.06919421592830738 -0.3390375583040812 -0.4076748967053027 0.025396824468445028 0.23144849008602736 0.38885716300273954 11.635934395568695 6.3834517579316055 -0.08819290986764741 0.19884457587256552 0.06708076919876547 -1.1088120832121875 -0.7619838971974887 0.15157145109187356
-3.2135424862948985
0.03960050006113602 0.03497918449850616 -3.290271529838912 -0.6938090547191323 0.1932174820487633 -0.1589814219827483 -0.1684523872294863 2.374479756394041 0.7646414728119171 0.5210206269044584 -0.27811345507109114 -0.0920528461942286 0.27371673418505366 0.3512893393907755 -0.14344922086892423 -0.3829704944830787 -0.27841244871574017 3.043642139784242 0.6733299241272045 0.18197241876275466 0.30021776658996135 0.20185544283461035 -1.0929096540247796 -0.5404280871490647 0.12585367467302003 -0.08703994684457632 -0.06502929745466779 2.365704789943437 0.948500302495237 0.16081152443220526 -0.06705702548150654 -0.15597360327827517 3.699319825456484 1.0698804797264647 0.09981730387836281 -0.04913721302394263 -0.02304133945346977 -4.6912862213082684 -1.5977504686165833 0.11976822178484914 -0.02886403165499513 0.010613608995279605 0.6930488835610417 0.3582033367967001 0.14548989763343637 0.026485882065790684 0.06958347994285186 -3.5051115960742996 -1.0333782412735932 -0.07686340932378262
-1.1234054888595573
-0.9947650103223104 -0.48683971709299384 0.9818275807693756 1.8195932153095018 -0.400670562984071 -0.31504640332669553 -0.10634930842388193 2.7811539056175905 1.133447325375397 0.31768602272341384 0.15081311561027874 0.12417010593808334 -1.4269654750519332 -0.7028419664194084 0.3217567369714941 -0.5761609073732377 -0.32567110486498047 0.924203046525295 0.9079352504465391 -0.055926465438261734 0.7363418437991526 0.3466039583577961 1.8772637750608163 -0.16552711121747013 -0.28308841662215145 0.04715634078362783 0.012945577403601439 0.25089932562677947 -0.4583672982633064 -0.27181629393306783 -0.06663103917882705 0.1711202576606079 -4.4383404864261715 -1.1297715677590106 -0.1916123308577648 0.21347932962470606 0.10359020171789951 -0.5938157837194752 -0.3675579324037139 -0.30458367127846836 -0.043635122141877494 -0.091349908817164 0.2778294001825914 -0.21535117806950274 -0.1586742989273354 0.0978861756845683 0.11258114140054815 -2.349816319541102 -0.8266560031532446 -0.08644342816591612
-0.44221937086168467
0.18723511311442587 -0.05052131395785022 -0.5115978887823087 -0.7053471071960578 0.47290223151209215 0.19681787123749872 0.044935760185848196 -3.213382796347925 -0.9237053873886764 -0.6488555345653013 -0.21756870556743485 -0.1832878737455541 -1.2073868613948047 -0.21260109014250458 -0.08731904230324189 0.06498600078989261 -0.09705101073999624 -1.9824590713674157 -0.9140705931348995 0.16607306519351853 -0.15598710965077942 -0.12638383898879949 -2.066920892785682 -0.7424322117538541 -0.09008698426839931 -0.2182020378047799 -0.2184610556211523 -1.573403252330898 0.08990859168860535 0.03435729677674215 0.7413956191901876 0.6110933854119013 8.66119277879905 6.316229494440773 -0.7682827011556721 -0.12721632570382088 -0.20885924063516384 1.0539107411407895 0.19778005862729617 0.3983822235446227 0.05687433719618773 -0.058282578236486984 -1.4917519381934734 -0.35519983134738037 -0.1593862630289609 -0.1130363248907709 -0.206139921509644 -1.6186901385207557 -0.45557145042217473 0.1527518643348841
-2.2244464691070926
0.4591134189563719 0.40367459978887776 -2.1217079657426314 -1.2762302468111157 -0.03996746626956896 -0.31596187275997667 -0.0907091312023415 0.35518327433373625 0.5146267719014587 -0.03224759122427463 -0.16069560470299066 -0.09612846645276324 2.6707178815718167 0.7855366785521386 -0.15108272927019992 0.7615096699804328 0.49204630278012146 -0.2812774129286486 -0.9063241957562198 0.12335739178018046 -0.26936298679442916 -0.14742609983543856 2.2123892906237015 0.6182869563235265 -0.11413436935566298 0.23340520600576303 0.24026744055438404 -1.1455016853931002 -0.650539848468764 -0.20613530640899733 0.2542587851896053 0.18662672286694457 -1.0272199657214212 -0.5057872480634288 7.584719926814897E-4 -0.5882748820094963 -0.246779626917142 0.12117038090822257 0.7770488131499964 0.2503514003969427 0.8153634529694556 0.3745822138063242 0.6679514227290763 -0.9442243051384831 0.059586604899730465 -1.4212739290283132 -0.7429589248347891 -0.6307143439245678 1.165943174600838 -0.08473626304419712
-0.1294530574311905
-0.10176041152239765 -0.09789239656249508 -3.1095676498382248 -0.8034140832101502 -0.28028030194646886 -0.11070027165384251 -0.09187201803158276 -2.67726357229667 -0.9956844186613536 0.48300111555698644 -0.2612598198937317 -0.14589017801623444 -1.2606044944661676 -0.45752585507419663 -0.058189295927526044 0.5625994660772905 0.45296934511075765 10.242532110994082 7.59635303876659 -0.34429739031498546 -0.18552311178298675 -0.08147533296530056 -2.9212357357669303 -0.8915291309936141 -0.29724758516632643 -0.041907318832949306 -0.019594672297690643 -1.70664880317517 -0.7009996779307424 0.02759302463389061 -0.2291287169068958 -0.1786686502080293 -0.18298479771390086 -0.4832876681800091 0.4252288366076074 -0.20327700617480737 -0.0923339763602126 -0.939584382077622 -0.47901805086130245 0.24387752154673903 -0.07981549849372688 -0.040619157856990135 -0.6819756444030138 -0.781847969870006 0.2336535092959441 -0.1560309153038343 -0.22099510494831526 -0.09596421943864983 -0.364745392313951 0.23614760729563564
-1.6845721358979293
-0.22677375303510525 0.019282969820575178 0.018674718297462884 0.37167916558607167 -0.12051920246475432 0.24431895200232656 0.20848843327586922 2.8984506256875004E-4 -0.7465672809701689 0.14965584050693828 -0.6049168469547501 -0.20692345704873488 -2.651703990283663 0.3588350372733731 0.26098345158231123 -0.5220619035617813 -0.2912278147851039 0.6709061297099254 0.43228546185569167 -0.37997437296298037 -0.6687455361201016 -0.31126777322182053 -0.6980484946368136 0.6302407408171115 -0.0668210150451676 0.09914821887121264 0.12716174909842498 -0.5900334188129843 -0.2634832576655595 0.2978284315325806 0.19802189813276988 0.1180841163806683 0.9400236286663073 0.05560115201847943 0.05905321178342475 1.6245800223624938 0.7969645988006907 2.095056517103834 -1.3952143294522739 -0.015415432745656443 0.9929381531871972 0.49689835408972693 0.8023572620576921 -1.1028474914085566 0.11082194263770326 -0.8013568907305401 -0.37794185803778646 -0.642531853731028 0.7905404597588312 -0.005488876914775729
-0.15430982186152306
-0.349681660612744 -0.13217315026417123 -0.29815695895924166 -0.13885436003568033 0.1913731520758938 0.4885115654485728 0.18639927453133712 -0.7411736838972487 -0.539570056756666 0.8793391278468686 0.8229841424257845 0.4519874186733049 1.7688402797081435 -0.7662747103599025 0.16410355954598796 -0.3408529358276305 -0.18637297472123637 -0.7886838225691021 -0.3436323964282627 0.10038208432300723 0.4636891501221508 0.28695650652990273 3.300956458206212 -0.6247348058290908 0.20030168291700481 0.08291265518728455 0.11391621847010873 -7.725339710708327 -1.5375515766068253 0.9952566335164734 0.16677294147542623 -0.04210999452173281 2.940230803426869 -0.605166662183377 0.3304394308688423 -0.056736923028228796 -0.0928046555203604 1.5145755793024123 -0.31928263543035573 0.5479831868606938 0.2177810808116691 0.20380425281615247 -1.4196166369563081 -1.0506696222462264 0.28320158453431166 -0.1583909376259766 -0.026886013421404946 0.9693643478101227 -0.49455582169545353 0.05994833184211993
0.3716574223513637
-0.1719101281548084 -0.33747825050270586 -0.5024575651203191 0.885111068016004 0.8159673983878475 0.17381794694554206 -0.15366106640282118 -3.1171308500319133 1.0296269176505612 0.7190664027616442 -0.5698903969095854 -0.5002333703566532 -0.35075169768612 0.6307789154707998 0.5904115168881907 -0.5774823537776005 -0.40238716800120605 -1.2668487689911174 1.0884452163414586 1.1044196809553901 -0.12336666202524514 -0.23002045719727301 -2.3367397236110543 1.2471589689943121 0.9993453898818295 -0.44479340101818354 -0.3552384806011675 -0.7462380702362631 0.7352934616612962 0.08649375134892964 -0.17047916484169465 -0.18897433995797394 -0.49636021982896095 0.6407684661679627 -0.12271842789151809 -0.6812110204184126 -0.31776031967434964 -2.523680531192497 0.5983710076990388 0.17477984054908768 -1.3497883712652095 -0.6212550853667946 -4.646838360118319 0.21773507523554494 -0.18708444241059516 -0.059307948534735255 -0.16439712596014527 -0.23354530354243466 0.8608238843809108 1.0300926976691873
-0.8379100177483751
-0.03731900880661915 -0.04656376030649641 -1.2378660206958048 -0.7278961860781771 0.08070602402920693 0.03903630892632103 -0.05939697166262029 -3.155834987326544 -1.1507284401938667 0.040368019148382325 -0.17980219787566362 -0.13542604378628906 -1.3844516948384016 -0.48861627016571024 -0.17092401211946123 -0.1461987380095598 -0.13688791343241716 -2.215566447726862 -0.8325861125521549 0.13149338192488771 1.0026776885470319 0.5945550461668967 10.28240804665286 8.233008139286566 -0.31733097503587526 -0.04943969666057134 -0.06450923708278829 -0.6661489753452701 -0.5747528312188706 0.0750402702174615 -0.34561923518104287 -0.14179562323339645 -1.6908946652892218 -0.7765031332355428 0.023627779011668033 -0.4300635801302354 -0.18330290826791926 -0.9341646857336486 -0.3820938079831641 0.28908663770291043 -0.10668984103711118 -0.017849663760741482 -1.2569142454406657 -0.748066272223868 0.1544473632479599 -0.14395033820000558 -0.13646854770650987 -1.5519161110493573 -0.7682308149268701 0.26635280233422204
-2.172431749206747
-0.3888873743644474 -0.13606441979805045 1.424201760916505 0.5688571579010747 -0.1785993915523407 0.09039837824215431 0.053457979254493686 -0.9471767739313903 -0.10660209158641751 0.04884145352676557 -0.24566846734472433 -0.05703647815737422 3.9325223656097457 0.5763471459403202 -0.4469903406228796 -0.12411401089947612 -0.019022228975864378 -4.684312152968499 -1.155915800286782 -0.1421316796802376 0.9018101293496978 0.5728804341779673 -4.225723461065051 -1.4606215453607085 -0.11920927467925177 0.004862259995771645 0.0023354046549561936 -0.19399591913235786 0.017208678483171466 -0.41280030865646405 -0.09237852253987769 -0.058390334952458496 0.7236073508039863 1.2092445433784067 -0.21840557652029374 -0.03233526426382809 0.07433143231581249 -0.20691423575868342 0.2122547859258553 -0.10051316964513154 0.06899135874584256 0.03591544502049131 1.0690924645004227 0.43082430923228904 -0.1880819560956427 -0.3477436389899758 -0.05654150166124438 1.8172566764473692 0.74091130801489 -0.2681597474432114
1.4411698018199117
0.18299182341095646 0.05894664838146388 2.6631300381861958 0.4916256828654342 -0.2717379649244556 -1.2099158880509273 -0.4630938727968169 -7.928688190780112 -3.2802563470298893 3.7780087406266376 0.4524734272709718 0.2956972120096152 2.5014189260859956 0.08954058647346975 0.22418088280644866 -0.02994256192194813 0.01877678455846935 1.8983947022780907 0.6181027424749809 -0.2109683575186193 -0.09383482876149082 -0.03894449453381641 2.3264930755452355 0.6742367216356773 -0.221237623748104 0.07622737312106195 0.07811849011264536 1.355582305670953 0.3215833482842201 -0.27309503256152484 -0.11160607324779033 -0.10443782586380077 1.2875709566219888 0.7089311789094933 -0.15471726355676033 0.08621938298447177 -0.0014873056420878215 0.2689619750437893 0.5192164813495931 -0.381466608375258 -0.13587674615239226 -0.10885056164779561 1.6357455788547055 0.6855778529892048 -0.29472733124770056 0.00638735297803747 0.04137611696559157 1.7446212244712713 0.4651587595682818 -0.38944158155744873
-0.9079393030300964
-0.210364068336501 0.0960236909053736 -4.8145985543369045 0.2844030061582585 0.3905570991554841 0.24672244365784737 0.12183617742953669 -0.29470801333678426 -0.19340729494155234 -0.9139934261295759 -0.11360198046572666 -0.005166581912268777 -2.612479191646174 0.010665399448487344 0.6636905001924406 -0.5336208683457075 -0.49218010666985496 2.2482011230764676 0.8824641892092335 -0.4840317336098156 0.16379445015403782 -0.026434838896522896 -0.05718206673671089 0.11930723586633842 -0.6360231307862999 0.5455949958197146 0.34290643956234673 -2.3607637625307505 -0.39694746814630455 0.019972016976689325 -0.33543616802823656 -0.3331421058346691 1.2174703104268267 0.7729666342839453 -0.8386274166649237 -0.6652635751446555 -0.33494731904462255 2.213738354234071 1.240758032062056 -0.6724448571038389 0.28746547216603485 0.13334265001122503 -1.1805982386586453 0.31070162624292597 -0.5100344200937142 0.29416601395868863 0.05758327181770047 2.722013062617408 0.643395945427005 -0.5617278065219642
0.2670568846767581
0.14625204224043317 0.013384964868678339 -2.5030259218164317 -1.0515825080753483 0.01036379889434662 0.025629547476969005 -0.07533771770562198 -2.671294753030297 -1.0111827737469288 0.034453979495639775 0.6923452108785537 0.3622306420590162 12.626817113255171 9.320446364483143 -0.33601451186374587 0.03952932350789106 -0.06364816694859614 -1.8526471321068798 -0.6966961104603792 0.10789798615154957 -0.03076228068283444 0.029380554251047068 -1.0757185175251034 -0.7958307068282192 0.06022640314507564 -0.027753807248005826 -0.057564682965322925 -1.6162986250744655 -0.5756750568495207 -0.0010158080511306952 -0.08629615257560827 -0.08719037914833479 -1.3514706604464921 -0.6824493827706698 0.1400970767945055 -0.14392718219346223 -0.08410232457332331 -1.379971213559532 -0.5131849795824692 0.13738646157454049 0.018395617911155487 0.08158473768927571 -0.9240536480284935 -0.8793881836512359 0.28774027237880606 0.09565053193673394 0.00959659237508387 -1.2983834175867417 -0.6794505290169133 0.33438367240446293
-3.8523560576415137
0.19376674585134962 0.15092864933025002 -1.6556880879009648 -0.6602818148168779 -0.13108433970817582 -0.04485049311080377 -0.04468433936982708 0.23587167526069286 -0.15369452289774369 0.02626117539713649 0.023943883418768793 0.026178990088699717 -1.9246523590209283 -0.48500315385994647 -0.3417737495518723 -0.18464948786322635 -0.10347014178068141 -0.4431464344074735 -0.4355789106566038 0.07020305168548882 0.1474489779589618 0.05816268009950037 -1.5891160330833283 -0.45937468041471186 0.011139661356846572 0.059179960231988356 0.060623112653354454 -1.208381271726568 -0.39719971818766436 0.2249153210970502 0.07689562143730144 0.0863979383016007 -1.8718508839876742 -0.3890521453391924 -0.3284467993732998 -0.40968632530542065 -0.02700441696776174 9.407453647215121 6.150055250912441 -0.119447791134313 -3.459291076070415E-4 0.02420781631049092 -0.8055363874693138 -0.2934162329096038 0.12587718640257736 0.03685598618588648 -0.0414967854839968 -1.4688818098747205 -0.4820003640167276 0.1507665877865714
-2.9216848749899538
-0.07050283129182003 -0.06207771760902144 -1.155797862529976 -0.8045546762923059 0.1572913754860798 0.19759375120781186 0.05713255464325622 -2.7755094117768127 -1.1544333944659608 0.23683289370903604 -0.08188127828251332 -0.09839083358468499 -2.1558214547013006 -0.8249662636958291 -0.2649992133643938 0.1565317831998293 0.07566926863872253 -1.1711015310507253 -0.9219743365512806 0.3275389237695228 0.19300025638366733 0.11405832299589823 -1.7351032251644523 -0.8912479189357397 -0.028757165235488748 0.31206995511703645 0.26576744518912937 11.819121769568378 9.091959208760544 -0.31879535884381915 -0.09322409675485989 -0.06960165183929747 -1.9010651840219406 -0.7381522993436819 -0.06866210708772714 -0.2354876007885477 -0.10906058393489226 -0.6088290252201507 -0.5733061471592867 0.21028798175192898 0.07814537277099087 0.0907784361467896 -1.5329979249309817 -0.8890499939669789 0.1719765440487909 -0.09206480698646817 -0.06840932338429788 -1.6630160159364518 -0.7557275738672782 0.17935386368970513
-2.7767643693677377
0.22667842177037203 -0.05173998459187047 2.4879099933572504 0.24887624329804697 0.07136430590615289 -0.7406919140819084 -0.26466054922687526 4.296652316287203 2.3372445918082336 0.5583619660817232 0.4912056569670169 0.423418755099497 -3.7780343252009976 -1.1889624897304623 0.07639280710189524 0.07626228093088867 0.059824630564769825 -3.4783205588837594 -1.7912393793238601 0.057333426250000104 -0.21606571098731225 -0.09930839995858609 -0.12159792864568761 0.2602737018579102 -0.31820710046106715 0.2290582079257611 0.09251479040339325 -0.4878859905458351 -0.10474713875231333 -0.25589629721503326 -0.17935459145077406 -0.13942441989146584 0.6308446575452586 0.04603269925118876 -0.4442334897281532 0.4241434384616688 0.1062866909712431 0.01957526518658259 -0.45942733146818043 -0.3963887021818357 -0.28931310630958323 -0.14084289107756037 -0.39192237084985615 0.3374570563769804 -0.28013949446277325 -0.37845037065022513 -0.22437205282613107 0.6964269340904183 0.5760156880069519 -0.21388413427951156
-0.9869510915769502
0.249925719323316 0.3465268136555187 -1.2096864868199575 -0.848855529620866 -0.6873416365420919 0.8396362475424395 0.4761457379734372 2.122995077230673 -1.0852407061493943 0.7129211082009987 0.34441560070690413 0.396478740723745 -1.124490946507663 -0.7451916259175998 -0.38825628006983015 0.4908198085279716 0.3723916099527589 -1.1082731361663738 -0.8021647881480276 -0.2691284417897167 0.36551657774462776 0.47292342960419964 -0.7944371785151708 -1.2632784895758444 -0.5002164448187234 0.3998994685202432 0.4696295475100794 0.46442893495350934 -0.8110298213492465 0.3190876695019607 2.035927352463166 1.1598559705580018 5.9710120592113825 -0.8422960909184314 1.054445178979736 -0.04726047274093939 0.06334914681021028 0.014519670413722171 -0.5387588978283262 -0.03422389491270349 -0.27759147704638415 -0.01754660466814865 -0.72098754576285 -1.0340522183109304 0.27386447328594604 0.22121222366989463 0.16999452605392074 -0.8625849967031356 -0.6779198579257623 0.09704134898509433
2.392531467173978
-0.42954985328409206 -0.25330896938782616 -0.9894009510337771 -0.012367810770324816 -0.13677418175132658 -0.3223805376147598 -0.3882603704135835 -0.13326860208714736 1.0008381884081894 0.4502891405005089 -1.089317442961868 -0.6275762310931075 -2.6314655472435646 -0.5949942511561168 -1.4748652073732038 -0.6477064845507212 -0.33478134180723407 0.461173963499095 1.0372451094637904 0.16619950351049023 -0.3151607711942437 -0.33575867051796826 1.281727015569912 1.47080998032753 1.495579371735824 -0.4616025645346362 -0.5108841838923246 0.3726808459668423 0.5268276676299745 0.47530818481499193 -1.1600678626463412 -0.9747535229094016 1.5418938984323416 2.0456755729956657 1.1945518369382222 -0.013949970680135974 -0.098367032809419 1.8889481130858068 0.696277272623013 1.568340316126406 -0.381217947421685 -0.34430050948129604 -0.4786201957467229 0.6838794639779932 0.029852430290276975 -0.3395941092250838 -0.1200907063506711 -1.8111378957638822 -0.1092910991149542 -0.13513222072953035
-1.6401053645067325
-0.1908743746571157 -0.16091814436762994 -0.4362727970561657 -0.4752617466661035 0.293309466319519 0.4367813098157789 0.135808012710876 -0.34388692319126435 -0.22017650191984217 0.737512489618151 -0.12484130692930058 -0.18487910331347077 4.423873360905873 0.5831232904117423 -0.034761936502256556 -0.299460677941437 -0.19616934428921337 -1.228188166592551 -0.2417766604940743 0.1357831604842011 -0.08877476388176643 -0.07688699267415938 -2.3676331175111107 -0.3280754742566463 0.007311248229159974 0.04209594742484952 0.1076591060441358 6.97312654060358 1.543185900878513 -0.27347015950764963 0.13698125296630617 -0.033489618591614756 -3.412248518302749 -0.6612755166348669 -0.03863329078578408 -0.28698622735212703 -0.10767189748688927 2.178764615824135 0.18385796721108671 0.11045430981390737 0.2753039204119822 0.21629569214649125 -3.638991144750038 -1.1839427018744706 -0.2823979253556374 0.1355878382439328 0.11890723016620608 0.9133381024524678 -0.06402771561388179 -0.03490165325074828
-1.0445960545238973
0.690650825856038 0.4923344491630695 -3.003120038138947 -1.2871525654154417 -0.85406729114479 1.2283569713707942 0.5799733318128596 -3.1052042567980047 -1.5455310414180679 -0.6519234108774338 0.8296700740145079 0.5107728681264622 -2.71590077883976 -0.9016321058565518 -1.912988341401671 0.9554633378617108 0.8229253984284736 -3.052107936467905 -1.193536330019636 -0.9171288591953511 1.4312305424517262 0.8821848977329108 -3.509558904207573 -1.497454124933621 -1.107698908230692 1.1218631747521413 0.6647514781810134 -2.8298967904258374 -1.1848440364421693 -1.2163232160862756 1.18358764332346 0.7566165156845172 -2.8521908564400653 -1.4556590896911594 -0.963221223958717 1.0829814166638367 0.8231387275220073 -3.185136537282662 -1.739351143728721 -1.1841012506717996 0.9634843726494676 0.8424283594118998 -3.625073279097326 -1.4128920851805498 -1.0721637916349267 1.2455841508477954 0.7990926532230681 -3.87856864030208 -1.6947136045760263 -1.1287608668807863
2.9164490450236342
-0.05526983178245009 -0.09060793723205923 -1.0625781140145643 -0.25890756361996276 -0.001158583828528794 0.010390449826602968 -0.01550859374129982 -1.9098968026596963 -0.8732718482135235 -0.2894939700603324 0.07292565575708349 0.03690202590233063 -2.0803401490816307 -0.43981818769214986 0.1594659232334935 0.02745349730213873 -0.12285756665084145 -1.4269998604397163 -0.19711226269990553 -0.1277668626919239 -0.16772361932390617 -0.03388745201127251 -0.50212712653667 -0.10025343197600903 0.04989928758324175 -0.07339411909387035 -0.11589117763316982 -2.1705368383751518 -0.44358539735817815 -0.38397855117099106 0.014363702880723563 -0.05418617147908672 -0.34735274185008563 -0.28712502185656613 0.31362537176542116 -0.12545891975807835 -0.1226386501222308 -0.9281405872809035 -0.3955388797582262 0.016845748213084984 -0.02854279723568941 -0.05388871028363715 -1.3197584884457156 -0.2886489102538386 0.08402676335448818 -0.2815744327794195 0.08208670686005325 8.191297279781875 6.462149711059245 -0.151959095230565
-2.4120781911534914
-0.06428238238481317 0.09451534536808262 0.7230401364643863 0.13169317775893724 -0.05357413868015668 0.27782374783183456 0.23073574615930598 -2.3945062786925306 -0.4724794640216287 0.19577797370702132 -0.17845504661953873 0.017943983347067455 0.6150376074146757 0.6325176814170517 -0.2185794369048962 0.5927756008588457 0.30830610793549 -2.4375453533470237 -0.7342693642257779 -0.23038281903364138 0.26229167402561404 0.2467219501340571 -1.6410378833138344 -0.46795976682182383 -0.5951576091513923 0.05560172855877789 0.04142247130736768 2.1839683346768433 1.3334845144325014 0.7701168192531296 1.1681782317709697 0.5684414997268303 -2.6387438063160413 -2.9930989592695663 -0.5020680544553142 0.011926275218163751 0.002682832998846171 2.6387032253464513 0.6630309304102958 0.4806707197745246 0.39975053101960734 0.195520675553261 -0.33343357110605204 0.3372451571344488 -0.20738879824287235 -0.1803311148089575 -0.10618113860487023 -0.7089003468200549 0.06476864310246422 -0.1804526913556918
1.4577186125202763
-0.12472357219009848 0.03464192140382359 1.1701710096854194 0.6290574137782275 -0.05661740370093748 -0.277631511633951 -0.1289049494616712 2.314743452892103 1.258894285729713 -0.1623521256743631 0.08631982345174398 0.009056305571935878 2.2630908094537485 0.5486316197882021 -0.02219495536106787 0.09844135919631979 0.08855088928990486 1.0893473051898737 0.8396603834692905 -0.22093798567065231 0.21305702546762234 0.07100295208822181 1.6527515141264366 0.8191890901956084 0.04421382072242397 -0.13096621555667914 -0.14481025697402206 0.833804012338991 0.8705518973241921 0.026249383690688334 0.15553982548824397 -0.013854623650989715 0.3641382401177906 0.5580791966700066 -0.23546059207683168 -2.172582701945219 -1.0237291037127547 -7.5281375586292825 -2.351101586381057 0.41939701168549987 0.07061831856520857 -0.15718304824611348 0.784650371440868 1.0131064970108297 -0.43692673569295953 -0.03870217469425063 0.010251793730084266 0.7925150429621283 0.7801999408938018 -0.5145704190630744
-2.181196783174403
-0.37474503010376725 -0.16312916194990237 0.05943004640082361 0.8449407816469823 0.3284866416877118 -1.6171654874252221 -0.6650753728858902 -9.656702629039902 0.9096112494191955 0.6047299375500598 -0.19397726675980356 -0.19491203665460835 2.2923029866797537 0.8036948602184144 0.10979162953833341 -0.22212085878628646 -0.19796022966542848 0.2742693959907561 0.9748565998433849 0.25002512391870296 0.10061930590214357 -0.040836580835110194 3.002876119146739 0.7169947355307773 0.37004755407021883 0.014605949528325966 -0.01558387764688257 1.997551298780805 0.5094629445658293 0.29059556976214973 0.9751121449565282 0.42654134669690763 5.420711359726241 0.18390258067085627 0.33739788756585887 0.2990420853975706 0.09177358712652203 2.336988284368842 0.4480205732737408 0.21612913040274143 -0.0718721582004087 -0.07359650582768718 0.725874804684477 0.7294443001714179 0.2531741559490755 0.25724214965075315 0.07761509849654505 3.118467260952497 0.7043850655416042 0.10343513760513286
-1.4525676108036374
1.3377202806611685 3.130400860591594 0.5217360544556068 -0.5761242265691942 -11.887617926565941 -1.7065705329024403 0.7178291249661649 -3.1273768420430104 -5.655921273967763 0.6828355017050444 2.352906275221625 2.513652645085561 -0.6938492613764566 -2.505782538853824 1.3458552530655223 -3.387574644638746 -0.683952197966435 2.3066773601572548 -3.1146604030375165 -1.9499519328468475 -2.3914424807663086 1.4943647305981478 -0.9401905592600306 3.2305493565211822 -2.2829000708625635 3.833096068226909 1.2315650061648353 3.793692983667069 -2.039745496308075 -3.7485491251709457 -1.876016267462196 -3.0110193393260145 -1.4056221362252643 -0.5948539164078269 -2.213866592650882 -5.437806235299533 -3.439728916720054 3.297420279589741 1.9325667231820123 1.2327491080165585
0.3174604205734775
3.000740616160713 -2.276510814542811 -0.3257489010450886 -5.593794321298284 1.2718993948711528 -3.0693286349329467 -0.8183255432452772 0.7193817882426324 0.37362007214180776 1.2796134398897236 -2.030792968868461 0.9324347348603176 3.074706408762294 -1.3464931846900767 0.4902589294150833 -4.474339595582842 -1.6222515390714736 0.4879583300858759 -4.687268524944405 1.248434656343704 -3.680963573988439 -1.4275168283907993 -2.878096443206247 2.2669679228801827 -3.4013662178466246 3.247440436486351 -8.996207557949802 0.5486697483575519 -3.7452827369237642 -5.260947232887845 -2.8881378354088554 1.642828509210678 1.2034990854285312 -1.4842558958154637 -2.814694181436534 -4.887346648390079 -5.477175425282663 2.051804723551337 0.18285448472154814 11.08311740780939
0.5897419008638722
-1.230216497886386 1.9117257650773727 0.5514567701036694 -3.683516336665692 1.2635092900344653 -3.1954340549429743 -0.8001181538618204 -1.384142541480257 0.2847897172465933 2.039001721156811 -2.807982934862383 -4.445961190937174 0.2436921208365098 -3.4821449259986843 1.7299731137951755 -3.9501711389840035 -1.778103553864952 -2.457251034453443 -3.0761767678586476 -1.1608956582434133 -2.4050291370928085 3.9389619559733138 -5.115350557564052 2.531016506648864 -1.7574325298372044 1.9261631302801818 0.7279550707555713 2.7709931505119765 11.844718271088468 -3.714559158383676 -1.6535771028049806 -0.36994524625010905 -1.3388475794563028 -2.1543295226226373 -3.4061742572442593 -4.983602369497702 -3.32996167983992 3.0085395944741675 1.3736145864812332 -1.3601762040792968
0.8822305630374964
3.9815408289912755 -2.3556366305556407 -0.6824845100303559 -4.342443682950565 1.5204741456983266 -1.2412433094354212 -5.474096381030139 0.6028049693673646 2.532523198585814 -1.8390266326420857 -0.9914461526601215 -0.662802717610332 -0.6511456445572186 -3.892375517073233 1.1119698232787067 -3.58647733973025 -2.283246472562165 0.14961194056596616 -3.307126732636376 -2.1298062303569942 7.0769803082461795 1.8978772555497843 -0.629954601959418 2.294397787873806 -2.079649648205395 4.213168919608461 0.9910030835293887 1.844454417827202 -2.519253142011014 -4.232340206860524 -2.4439768154004393 -4.144279208791182 -1.7926331550085621 -1.2478706201051892 -1.7177041031877738 -6.243174455834496 -3.7138612393895936 2.2320899051380607 1.0253609883383776 0.9680489906471789
0.44796356739241333
4.272803346004276 -0.7549242643835348 -0.39556395103000463 -3.7969698058942365 1.1463556729630575 -1.7849416904318143 -0.5433321413266228 2.1489466801840784 -2.419637301356289 1.0382653612015762 -1.2489736340204487 0.9011244058647022 -0.295231894404015 -2.756443390624678 0.8145154798275226 -3.460191712836237 -3.0596900586497116 -4.00067819170678 -3.2084182920364532 -0.5578724407298368 -2.7055700558168683 2.885531688983835 -4.49130638990162 2.17245371626954 10.31901876287794 1.7086403520738036 1.907496645854768 1.9730248765308325 -2.8914896179097713 -3.4759790123817917 -2.4464529358154987 -1.5902172158810546 -0.12569984172090454 -1.1533410436737257 -2.010255556087462 -5.309908876337678 -3.9265872432065207 1.5124982079094815 1.2571330019579132 -2.192477138603643
-0.5228135435171518
2.4842340093071873 -0.9827116814930423 0.6830438190012458 -3.7664391831072943 0.8426337582303991 -2.4664296117376256 2.0619268857196142 0.15333774057806424 -1.2438219432437094 -0.9888028748450086 -2.0499111665429757 0.11923334876703089 -1.071171029560847 -0.9464320658272427 1.4532634852624524 -3.209665674012863 -2.854520730856176 -2.4665485403716243 -2.857951716818954 -0.9372073794676881 -2.3101460316628115 0.6885685597089244 0.7058837817678228 1.999806236614228 -2.2412524767397004 3.190190689437007 1.677997879719163 1.1549957383457878 -2.292813050568561 -3.2505379492795545 12.212585533087319 -2.216314494188897 -0.6432034563092957 -1.1284329560485062 -6.009872312153258 -4.4980295618501565 -3.385888881209873 2.390547423583357 1.300534806592823 -1.3052247191824808
-0.46534847473355034
2.78143914819644 -2.052512705002175 -3.1437947843026284 -3.4972347154254377 0.9525317743588773 2.065536204839804 -0.32078885914548083 -3.3193186212275476 -1.2647917502634216 -0.07096459772445685 -0.8032228039699204 -0.4281512996905849 5.084139905116203 -3.2486126932232477 1.4531382763782759 -2.950154295473451 -3.9510594742573897 -2.4959256733552153 4.322531054125733 -1.0678840669230345 -1.988257723412984 0.6225697190976778 -4.457564329441599 4.4648918924889704 -2.280697466905265 4.1178480019131705 3.32674302070383 2.8972320288831463 -2.479499147335886 -2.793274694493348 -1.7427122034673326 -2.6242112253197973 6.9698359416167035 0.6626858398358835 -2.5111628359209415 -5.81166810700975 -2.967550485269245 -2.052117635293545 1.876085129994241 -6.218024249157484
-0.3629637547412709
4.133941094857344 4.830466780820284 0.5565254228008962 -4.100338740664025 2.0720326454858364 -2.3029217907905783 0.19515768029111166 0.723597612534672 2.657265813898833 1.2991171910766413 -2.070208216004728 1.0580656864676827 -0.7797873096968022 -2.5331519344264337 1.2128572163554328 -3.506601712246853 -4.140507955975473 -2.54371125510474 -1.8338271414358562 1.1245758645103967 -2.3789719515787664 -4.54914767809592 -1.9767558735218842 0.8782111253996618 -1.700667587150264 3.0102372999871623 2.525806589630255 2.4224674552602368 -2.4871673449432916 2.3911640719825695 -1.8434244027511728 -3.378660434050223 -1.8793113523018963 0.3351511158576454 -2.5224266138930234 -5.546404529022824 -2.2972126701497184 2.4820033633151657 -9.84403393499822 -1.9855558166041987
1.2806043112824286
2.3156688320945804 -1.9458357092851846 -9.367009233123778 -3.020649686862715 1.4701780865260496 0.431557528335801 0.6890821238127391 2.5596506980687668 -0.18426131033787907 3.1595859754241062 5.964457883845751 -4.657966011894942 -0.8991751100319509 -2.581714687124924 1.3370459628044629 3.597913519231805 -2.435530563187787 -2.1293691475293475 -2.2596869131020108 -2.9769458083981495 -2.216998052246536 -2.893345410385992 -2.326613574808335 -0.39079966190690496 -1.9612824518916476 2.899991093898671 1.6103799958604657 2.0791468740386017 -2.6707559037990953 -3.0823577850672477 -1.6231919816505764 -1.1908695892478574 -4.538520407788533 0.8240390995621968 -1.8508573504759178 -5.412492300527453 -3.408865635943729 3.844816814729796 1.2898683961263888 -0.5958231611097936
2.010122133184174
3.7803806495926064 1.1242754747761807 -0.2766951648275735 -3.451339320118986 1.3361253145023002 -2.2809959177282613 0.3284094875061368 -1.7157851368635828 1.312118016481465 -1.144042732079746 4.465371689465111 -1.0490248230965986 0.7794630667714264 -3.453440139370527 -9.182664078971278 -3.4833770248400633 -2.0177079323013016 -1.5321229903541074 -2.114424812594166 4.455455085644172 -1.9933931938379037 3.075967680478109 -2.744473376141853 2.4910020311342786 -1.905341034849945 3.1681582161940764 1.6461344104117843 0.012510152100008864 -2.5019687814759037 -2.964954575893348 -1.7006470951873407 -1.4558137501730892 -2.5572502591436312 0.3407298390392315 -3.020842444818366 -4.628162409896598 3.225791109464539 2.626388288916678 1.0450786850800466 -2.7509666761653255
0.02482725948741568
-2.5154071442196537 -4.762898950455246 -1.3967911074966246 -3.835834787054035 4.70332645377629 -0.4291832410358301 1.9067193472608401 1.5365842242680872 -0.17334050201004594 -0.7281841675230745 -0.2973595559685138 -1.055860385536761 0.034251832657662316 -2.26533476431806 -0.4403022690165669 -1.593548066208697 1.221145868858342 -2.4032821335346095 -1.6557109325377966 4.154852186959451 -0.8300024161216815 -1.5294332163328825 -1.8256424898350545 0.03019070862592867 -0.597715552587499 1.0215726639486318 0.14960843286689493 3.184791717896848 -1.0890810630619356 -1.6095631642807486 -0.883415550990338 -3.198862981061917 1.2279972241726655 0.8615886967991095 -0.8174448701686423 0.7655708668760769 -1.4336904279103901 1.1635309684176653 -0.6682424693673902 -0.7498457289001522
-1.0345391951358494
0.09496468995774436 0.7531035665604559 0.4342257076602482 -0.45383634262066574 0.149731481221727 0.7840794451616824 -1.374126392662543 -1.3059933193298796 0.2156711784820784 -1.645268440639175 -0.051193893077439906 -1.3569022700080386 -2.211636055399688 -1.8873502566212097 -0.19415509631468605 -0.5461083549569018 -2.1039445892397697 -2.3600378774167745 0.43654060098145614 -0.9964327880472759 0.09899081453197203 0.6663087860047694 0.4016438629589145 -1.1651292039231713 0.1224594145993807 1.3796321317643339 5.933652656567483 0.6252300776051009 -0.6493019877838485 -1.2248320661489587 -0.1463747069855291 -3.621888230247137 -2.612684565710201 -0.9405885139927531 -0.2451785425543467 0.1776489061690652 -0.41302103843998234 2.4705642721175978 -0.14202373349799188 -3.6245289478205853
0.2622329666094567
-1.3736932163543956 2.2987422656794183 -2.335346808098504 -1.3984139237384865 -1.1215903859722072 -1.6309763169126392 -3.7196218905247287 2.1728193701223963 0.7398735068925902 -1.1746811781280608 1.8268503359928792 1.426592940067042 1.836418638987778 -4.629220688011382 -1.236340110633411 -1.0717487140261968 -2.669659573021655 0.2955469935887458 -0.2327460157739812 -3.316733457503151 -1.1319174178636644 0.7708344365447384 -1.701886719640017 0.7486254052355934 -0.12847565464044777 -0.888997514374375 0.339541738918545 2.7791541898699377 -1.460292293984041 -0.16244119012782587 -0.2096637706051124 1.8202067001286653 0.15510034268092093 4.591816894256165 -3.8896451009186226 -0.384412067604547 -2.0627139564621193 0.7810056022899856 -0.0012193586145717345 -0.6933640471818084
-1.4313480175436244
-0.5840352788139536 0.8623810513937306 -0.3035872719877917 -0.8835646077885545 -1.228320452425793 1.2821567870938633 4.886895011284191 -2.262365245035564 -2.822432143108652 0.7936651035975448 0.057772980345911246 -0.5324483364752443 -0.6736120330563884 -2.496251696806405 0.06738837705784294 -1.2392080313615585 -2.067947924433804 -2.016378626039835 -0.47731267486930706 1.5970414700796385 -3.060552833963658 -2.1447769898062523 -2.113612855208144 -0.990423184358533 -0.05423464849465113 2.0775725001744942 0.0028674022017758758 -0.396073756111411 -1.1164312638463298 -1.3046559068157506 -0.7399177851253577 2.4144717156231073 0.1954837010016328 -0.7617066283887494 -0.31411074827887675 0.9715522095864101 -0.4481684983520151 2.139263406771814 -0.0774904689970986 -0.5840247657949849
-0.8590233233940888
0.39019218140510703 -0.19801183233335945 -1.4020438550075893 -0.9486337498132786 -0.5622503604760198 -4.794221111066498 1.7440613244263037 -2.8478709904050024 0.3190065624399047 0.532933441438296 2.041135036666874 -0.4285636180226366 1.4267854148539396 -0.3124431170655977 0.017377715629635814 -1.531194452475197 0.4262363006728178 -2.6821407546334624 -0.6149850064821906 -2.0308731012812813 0.8687593150881212 -1.1225195447390546 -1.7149353697302374 -0.3557930661858761 -4.795374898452289 4.706190551454103 -0.45807677103281075 0.1772968771931216 -0.8672783409521725 -1.318203078372235 -0.5858417624389246 -1.1702816272562406 -0.06442583280977597 -3.043018215443026 -0.3740576401110509 -0.6978123328975349 -1.6093971125528987 2.283250473094148 -0.30434276685061723 0.1905650751655064
-0.778332900588469
3.5870933372785254 -1.7113158260901964 -1.710358274025273 -2.371241213888846 -0.182636706011658 -1.5814045959266878 -1.8215150680150476 -1.3751277185973296 -0.1416710981475072 3.4128738201706312 0.23949901136707208 -1.7006402144430774 -2.083545240877026 0.850319775306294 0.9485191828120934 -1.0048473311598873 -3.049296064151405 -0.42003088642417846 -0.837032237303715 1.7943311953018806 0.1081954970209907 0.5469372224909878 3.7998206807210906 1.3287837240470592 -0.30149587013695284 1.549021250267475 0.6432006763780421 2.4220344410293135 -1.9678661916833717 -2.4038519537489345 -2.686970212745695 0.2381775923897433 -1.5910547481908568 -1.446766865574981 -4.219129509754276 -0.663682689214329 0.30386726954653764 -2.8710000889685703 -0.03348408970747631 -0.2528913491410716
-0.44393887068789645
1.312929536378449 0.6104926481846465 0.7202852826459133 -1.0789373999881526 0.03981283987518027 -3.698695829062603 -0.6856772862743613 1.9730166641831113 -0.49342511950060014 -1.0580571017908862 -0.107665448197059 -1.4281532925050893 -1.9041531996962855 -0.5500623273543171 -0.5348467813099907 0.09934397940695666 -1.7506084381822207 2.390007601390401 -2.5901810587097964 1.3789147998357778 -1.3410496587488143 0.09128519102537722 -0.6407056670648393 0.7057873914503975 -0.015222712871266378 0.256120851331482 -0.2714339631686701 -0.4644442337383402 -0.43524999895745176 -0.7336886578547755 -0.33342921917718343 -1.1546877021281483 -4.075749364357779 -3.6272253015466918 0.8065795687235446 1.066136176212529 -1.6167267185313232 3.0444548341077913 -0.12879064600644943 0.773259044442402
0.26831686777331026
1.6589843329901537 0.7272499115990546 -2.186542121887082 -0.7826955598609098 -0.14676213125295384 2.2935050247864264 -0.6577327703660212 1.292985508127575 -2.1847014428260785 -2.635556810440276 0.19683131375408763 -2.3627488728562147 2.3744186772772804 -0.2561788772463508 -0.3659591968830072 -1.703598920995284 3.84145323565265 -0.9609158411763173 -3.212906354850202 -1.1845000559808823 -1.5569359017799156 1.7568148144469273 -0.6673914136048906 3.10077187720765 -1.0976565495586927 1.9776799988534532 0.42178378274110595 -2.2411241427907225 -1.239345284031068 -3.19656032894368 -2.1819771455932018 -0.728136818868054 -0.911911872238524 -4.688217730363352 -2.4610859980710083 1.0237639747151785 -1.8308838083240364 -0.4269715773054345 3.547457867455089 -0.08341523224977712
0.25234085040629617
2.0726496813110202 0.669751294947488 4.085767395324277 -1.224684587689975 0.5373951914111157 -2.5933173001759537 -0.9818315782524497 -3.883245628767533 -0.3017029707511869 -3.366312848344641 -3.1572668490421854 1.5937991054999112 1.1911790231835209 -0.8020050882147888 0.2651585461069208 -2.1624639463322914 -2.1976814853545545 -1.6803908236897247 -0.355362762862611 1.3510765548852097 -0.7258550980793173 1.458636350701491 0.1675016400068632 3.6175408403610394 -0.49988979132668016 -0.7728807103674873 0.2822362827473232 -0.09519488080714593 -1.4152160193611232 -1.8471196659913118 -1.6722820692616074 -0.14191522488149627 1.6185558718872952 -1.058771277795979 1.557558562033765 2.405748440800473 -2.0486275929360893 0.2404861960171727 0.3630481538143261 0.3625134113450476
-1.7002164963821955
2.331936443663064 -2.1508708482031147 1.0474723246903626 -3.2679049191413845 -0.09545047650863038 1.9197523301599768 -1.057142078138969 -2.5637125756568913 1.3999557192043757 3.5027871104852286 -1.5424354242064824 2.086815650212201 -2.9627332816128757 -2.8039501274850176 4.030206243938625 -2.045029921322378 1.179523580931318 0.6317320244237431 -1.36407244369944 -1.9819347751514016 -0.64929358755606 -0.4056002357091132 -3.0147197784268456 -1.5979174620728638 -1.0763998375649886 -0.16232588667672432 0.2947428496593567 -1.8973327119710972 -1.9308651947967141 -2.493132393033416 -0.602590213915243 -1.9871125697767515 -0.29756811735553484 0.5140125680724926 -1.291001828149193 1.189562401199076 -5.116296596338667 2.527918203072843 -0.056650703419011614 -0.16895990540844613
0.248566229558305
