50,40,20
-0.4707767335468651 -0.25266115904963476 1.5135315569427268 1.0951245906876539 -0.146695670733174 0.07872023102529901 -0.05937895866663496 1.1661637557971187 0.7238643542153004 -0.15243048303728493 0.21206178317519453 0.14769390067343777 -1.6348586222301904 -1.4675200899922665 -0.10207544568390316 -0.0084576390983264 -0.1607132426011327 1.3570511500129694 1.490178290429581 0.36203882989359465 -0.3240177699004658 -0.239663891997764 1.2525419055075702 0.5056576204039714 0.4636447153562063 -0.07926839337316229 -0.23445933998468563 0.8646639017441834 0.20320994609838183 -0.0028671861242054444 0.12785123060938422 0.1147583184725238 -0.12581717062660958 -0.7603412567504118 0.00826023120995878 0.1022542798858679 0.13787078239928718 -2.0541140602708152 -1.6589763945366032 0.05183999771552848 -0.05354059074404202 -0.12966060466413137 0.15089978448588282 -0.1383673343742227 -0.14199053729296915 0.23331334803092055 -0.0616597983344227 -0.6667979176780594 -0.5476518587130977 -0.36633391691491224
-0.29381962962844466
-0.3929072812910699 0.03726439279397047 -1.1046303013044811 -1.3077875240988444 0.47554241782700646 -0.12322438485308668 0.19756561036118864 0.22847054030473468 -0.6485909878068509 0.2597163044599116 0.07357354951453049 0.07105081735140605 0.8736707702686533 0.6200618393182562 0.3109134337371004 -0.27939531056199357 -0.04031823750127683 0.09862235108233486 0.40900341395701373 0.06083302670125768 -0.780037953970173 -0.3962585669527985 1.2076417784828744 1.0632412474824693 0.49077765490968667 0.6217153618385136 0.28294855233669486 -0.9173355109588404 -1.1876153297310976 -0.07713360410374959 -0.23357518544805767 -0.3218825563719824 0.6332790042101967 1.1891417189496047 -0.01759657058916614 0.10672001162718767 -0.0501261080332997 0.07915981036030742 0.169055080078223 0.553096641595895 0.11774750365255619 0.025847089931280754 0.9551422436285671 0.932384440886476 0.37549680451642625 0.3877318049545404 0.4485295500516837 -2.0904401390566227 -1.2539499653134425 0.05453154402233858
-0.3807844213290628
-0.19943488835105708 -0.1344928221632721 0.5897644070202784 1.6025598518718038 0.056946800036371044 -0.0771305667017842 0.274465963849983 -0.7869754837950985 -1.357505177600924 0.2315242461745376 0.038892160535296656 0.018253432737763087 -1.20513879906769 -1.752052065296945 -0.08315451490859245 0.04236144229874757 0.006991523332436516 -0.19809507175285956 0.2625403752266097 -0.23987402935922125 0.13657289562122077 0.19124601716192333 -0.8286059535906031 -1.4448693515850173 -0.2796905042654201 0.07143043522379601 0.011940037370154588 -1.5401645062949623 -1.4225445286980776 0.2236471596461725 -0.08357944435799634 -0.015419351495096887 0.23432313950020672 0.14418221162972772 0.41242572187566834 -0.1326342920646313 -0.08898666121641219 0.9356315230874561 1.2528681483248765 0.04106377436784881 0.02432486503725713 -0.08154380773197618 0.8340689130911875 1.3117823739755774 -0.15606648945436968 -0.16118733648679073 -0.04278576069848995 1.331472583084061 1.4720100880817402 0.06345042253559062
-0.12033304289227469
0.07731514274211145 0.10574733847514427 -1.0087687945546158 -1.0734577854863645 0.2479036361176945 -0.011754292172510014 0.07772671573403626 -0.22435833287750886 -0.47104951497079706 0.1512085775076349 -0.32202267698527176 -0.15910696665064483 -1.4552672172150127 -1.1047304480682663 0.29814884099540306 -0.2730160202326561 0.08337162841727898 -0.7611553496186845 -0.3610185660729882 0.006209106590415233 -0.1286150210853689 -0.08990795246699748 -0.9414334340650539 -0.6197594412322773 -0.04938877921303386 0.22302084818335405 -0.07749651160631592 1.9564635629615938 2.2058055313449922 -0.1108653582707928 -0.06177810543560797 -0.10057630792998708 0.2158313399524128 0.717362289670522 0.16689929162575234 -0.043862360299937966 0.00629425409804103 -0.6460414476835733 -0.5095483086432026 -0.3594077170990784 -0.2283499626644419 -0.04443848598396707 0.7058730896499129 0.7600027438494142 0.20874197621979598 0.19904194149125143 -0.1666068738453711 1.3585180840380193 1.3019097258420966 0.21351677121776583
-0.09828752362449485
0.17922918467480206 -0.08815086149346761 -0.8919365524156196 -0.7668839508321825 0.022282616342046896 -0.17465388488462047 -0.001391801486090648 0.28617676582974877 -0.03964415800500646 0.016064652978543408 0.10897477929510804 -0.3954358974272827 1.6808390608336363 1.947570131695966 -0.2693691907106172 0.13501334293503567 -0.20624494884585945 0.6888106499411076 0.48424795364096646 0.24283841007658008 0.2145147083357887 0.266444264422695 -1.439708592819851 -1.2200057230074988 0.15330662139525533 -0.10239850807478235 -0.35344804759169557 0.39730017432075637 0.3833263243966513 0.3699110258501156 0.04552778823287801 -0.09562183459036629 2.0252258066713216 1.4865364638509377 0.44882177180482014 -0.02045048697264264 -0.3162429902277733 0.17218307812581923 0.3066584535751393 0.15619269402296992 -0.1621316912313866 -0.05964828162070374 -0.8666381961471638 -0.9353409210048637 0.1937961497547945 0.19190240459789673 0.09163724927989371 -1.7054848246373517 -1.173430461171417 0.516359417063792
-0.49031128133762264
-0.30819380374775135 -0.35411280737785267 0.44599478730929704 0.37152439677861543 0.1185029791509239 0.015321406300472335 -0.26142994740935066 1.1029728076350085 0.8121875583362742 -0.389191548182284 0.47869571086689194 0.09593706777343465 -1.3226752792111125 -1.017660690057402 -0.06602849156945895 -0.3009331991888812 -0.38583744151752697 0.7580718011206288 0.5080795765264725 0.14650446587593124 0.5915019635728612 0.3520974454226372 -0.5400538873036183 -1.2696268127416015 0.32968540328519574 0.5316254580013822 0.21209779043613775 -0.8521360736143865 -0.6212415015881524 0.16336827353498132 -0.21302408897660585 -0.20446270302132352 -0.4012188813049661 -0.7414810466111539 -0.17965581628697933 -0.37915387349904417 -0.6231595002773669 1.3771987474175607 1.1082197589434286 -0.07848290944911178 -0.07053614221299405 -0.2821990286565024 -0.13775128243426843 -0.08374757515173739 -0.03194449583331093 0.23365529764407664 -0.11368052414592397 -0.15967586319201754 0.052325297450802416 0.3788463574881346
-0.05843587149700831
0.3352558047742932 -0.15288351746278764 0.2148986878425581 0.7445330400007887 -0.29215489585218074 0.2751859851189321 0.014206670079771607 0.12446429626509671 0.5633849024930133 -0.1545936357287661 0.48233935576060744 0.27580034547860743 -0.8515989002366297 -1.7722670878483144 0.7690792767562629 -0.41551557364827363 -0.0710568324489579 -0.2644008720557557 0.20436145226625596 -0.08495562425488004 0.5053469784606505 0.2662971376356247 -0.17128974296235744 0.4736160081179998 0.05088069849623131 -0.2865421683411423 -0.10416897703189364 -0.12541941071748158 -0.033262109195345814 -0.0616309089987714 -0.11512582476289375 -0.15643052621947073 0.7897231450864592 0.8718639146042015 0.4509470861465025 -0.2701535755008404 -0.2916478580002223 -1.1610043865095976 -1.6307006554665922 0.4121438052813123 0.6638050782897235 0.18058351095827924 0.23304000845644948 0.4231324429952617 -0.6154603953649702 0.15471368075282355 -0.07213615610025964 0.34091965849421657 0.5254771215703077 -0.22300959021252642
0.07408097173421464
0.4673079735534118 0.22046559843500776 -1.1532673592094644 -0.5489698049028346 -0.105402641788681 0.29875240675313264 0.029460256791911537 1.4201592084330654 0.8323925245204312 -0.0859702251920365 -0.5401157674076958 -0.3734846244242384 1.3566902109086614 1.703118848522892 -0.4711464394437832 -0.064996192882092 -0.0290256562208612 -0.04044263081481374 -0.27404524973732497 0.06326537826883648 -0.45304006564604576 -0.15763953958935667 0.6568741409096895 0.029852504603669408 0.5706459672967431 -0.10819210505916291 -0.031224752347677378 -1.4264785233038482 -1.260028981874887 0.26915951934994564 -0.09145863757001003 0.047226613858935236 -0.9783161977869322 -0.9392684434769539 -0.05081965811031576 -0.13751348621291587 -0.30845097621436773 1.1320712397948731 0.7837623688324097 0.4007693892976557 0.22579906483001305 0.10038752073458324 -1.9865416034968442 -1.2919912849645039 -0.1273178584610757 -0.14257866865586644 -0.14669612129500778 1.9519868379805074 0.9996174782815475 0.2810139595114982
-0.12129059037699742
-0.3094911667323216 -0.16621283915944865 -0.4261906472715322 -0.8573459121334776 0.5284677934028486 0.022985669474634606 -0.014905542971695355 -1.3597369641506167 -0.7875570346968039 0.49868610853422946 -0.20675229915242627 0.07302674458906573 0.31024110477468886 0.511987076836446 -0.05376629074066217 -0.22268118386857055 -0.131664099034649 -0.5170797710038488 0.04787416012493059 0.3097329057811243 -0.043889207283559176 0.10890549283211488 -0.8199112822496332 -0.5713384165929707 0.3312690254281742 0.8095767293922455 0.40220537595631 0.542674714791284 1.0993570148761278 -0.18003204836505374 -0.49160537087917155 -0.09960467860566755 -0.5566542034626297 0.488519256295873 0.3269596440516135 0.4950300433950924 0.1710702802239427 1.2500370579385347 0.869770566618631 0.2772199135713824 0.1966821519051264 -0.20866300471954488 0.005721065778122958 0.13105959604258216 -0.25465529303664836 0.2658797704181984 -0.10906865231580778 -0.4416506146887405 -0.00325766313991213 -0.33881029923477346
0.11813101550864175
-0.056062256700471574 0.08150704249405666 0.017922398748299723 0.6436890780178297 0.2483724507932565 -0.17791885022532833 -0.18391975928365506 -0.029137784102353907 -0.0144539993198599 0.23790833892401037 0.08556320719349475 -0.08179950124971856 -0.48361027216025687 -0.9208886635755333 0.3970428738644193 0.17853401948245823 0.05840234252935309 1.282224809456536 1.1014433454907036 -0.004980523289829812 -0.24802129728011252 -0.044162296215511224 0.7293434222027726 0.9094845906050756 -0.11452232599332872 -0.1640251805035372 -0.14937526385659405 1.118023566790902 1.2082432155527794 0.09333491689058336 0.04381894746009139 0.23592686992927234 -2.354269666032458 -2.086374823528181 0.6238220879662213 0.20190807818731119 0.11498861255012988 0.2305065242079977 -0.05338627383456823 0.23292205132792881 -0.3164674060099287 -0.033068558666273014 -1.1415657981668155 -1.1350038678458303 0.2815766420998749 0.05430752796143256 0.16635354513563314 -0.12632482346522628 0.33634091503928454 -0.025156047589544775
0.05961268282623689
0.8901491876439641 0.777151623046978 -1.0465035925378308 -1.6108903294723411 -0.9254085183699533 1.0827416755775923 0.49164002434405973 -0.31462193282914513 -2.183853498365355 0.4810427921137272 0.38473726787053714 0.4362554334390443 -1.3100678742304608 -0.8973700273914804 -1.946770034950245 1.3416387911161816 1.1046859558150313 -0.7493805202723492 -2.1107835590250517 -0.07710532794330544 1.596126361446113 1.293477527303327 -1.0262206446952662 -2.3143038622674115 -0.12726535158724542 1.1132352324063461 0.5873636715094578 -0.1682451991709225 -1.435313198734442 -1.0009570484599581 1.5607919898937959 0.8928010580228535 -1.171608047035207 -2.1420180488022114 -0.37280289923388465 1.0372331887752821 0.6442262375485688 -1.1092527036325965 -1.484613269922575 0.22016452833319788 1.2452755419231563 1.043669886752134 -0.9150979221682178 -2.0108935479815884 -0.006338349258655775 1.2971586504301384 1.0772296325443165 -1.2677592211035533 -1.8107444020785273 -0.18056696203692554
1.6912614392873906
-0.32384338953748243 3.1053589267904756E-4 -1.665271256671292 -1.2895710849418631 -0.04795386428371673 -0.039619708151768 -0.10947071190019489 0.5813625743398544 0.38509732750716114 -0.0203570060761955 0.331751121954582 0.20499793167794253 -0.23935957202364122 -0.19715021467746416 -0.21810525311032702 -0.5703933110120468 -0.33198357322733074 2.540233037362094 1.8977687883159218 -0.4119858569182631 0.015657257571245704 -0.022520794444946767 -1.403906275528288 -0.902236448437701 0.05347855013792057 -0.3580421228750342 -0.1518448176753524 0.3696481484949619 0.16521016691954107 -0.1339718890936484 -0.1416520244435685 -0.0793975922932816 0.13561546592120216 0.1877739856411219 0.17123752743694626 0.21522825549147678 0.22558088907829005 -1.4799128172623488 -1.1531982519831974 -0.22525580715305005 0.2286476573992997 0.02977198130989308 -0.5181185215223567 -0.41181793998578303 0.13803130279533218 -0.12499876995214805 -0.07771417567429886 2.284145562697905 1.6447620328016486 -0.36207287445986924
-0.17941320695368407
-0.0553323013806713 -0.07126201170557615 0.5708710336386962 0.9322498050948288 -0.05056591934441505 0.342322828239417 0.1315614853781569 0.24097544563500334 0.4738308169322955 -0.24410041397299337 -0.05850012952981811 0.1356818336655715 0.5487327159461755 0.22057252481232947 0.13486907609901272 -0.02886782293296954 -0.03936564481233243 0.4154441057972354 0.7531548360019644 -0.016203283427785174 -0.23346316786063787 -0.056386509609794175 -0.593107169214543 -0.4076417251996658 -0.19413190239340614 0.19993841825346728 0.05496583017222447 -2.7336432544022284 -2.7451064875193567 1.5552218571228074 -0.053049017095291674 -0.07467757404777951 -0.36150244506190676 -0.44601351500737363 -0.11598830600083379 0.30989677421995665 0.1610979762413407 -0.09135968468625687 0.5465640714527249 -0.06596776401562543 0.3943134765210349 0.1514629496942637 1.072018035703521 0.8381221159247941 0.05431584214541285 0.1628690722388409 -0.016656777129331286 -0.13700135640479844 -0.08576554389026321 -0.02449523519344078
-0.01730469408120421
-0.26145463502202654 -0.21393118582683707 -2.089129539016454 -1.6822171697717432 0.1246710725843223 -0.2453624147460085 0.10014010511141502 -0.2137462750244384 -0.21352448524794435 0.11554822204529816 -0.3490636108191397 -0.1437524510370973 0.9062776759326062 0.5902699377185041 -0.24154800688344777 -0.22163039857578604 0.090102945146874 0.19279049935169365 -0.27118504851826236 0.15028136026202615 0.21607211014598102 0.1792858519033458 0.8124673649283745 0.8416884089177078 0.29826530080708147 -0.37645466466855954 -0.23475807298869988 0.47621957213390437 1.0129105452452452 0.19431647219870546 0.12576286793808977 0.1620638311920828 -0.47603922347654964 -0.6266570012313819 0.10926020511466429 0.14208540109737866 0.017551019230038798 -0.9042543675497059 -0.6117707924640502 -0.3659039877876453 -0.4099390769397374 -0.1802546349880832 1.9951073522604723 1.7443413419831086 -0.7079453158928664 -0.30159051253330493 0.012320431125892425 -0.16869593744659697 -0.5283969190796554 0.07828283133422786
-0.03295067437306989
-0.02544102618867857 -0.20304800122314978 -0.14878632734851033 -1.0062673708828893 0.21213383274683834 0.1484708179293201 -0.23847201875236088 -0.09256686944414069 -0.6430008422885984 -0.4481446125688625 0.2191879599708359 0.002615403934724232 -0.12448262631354642 -1.0877499561975636 -0.6138233096293088 -0.04565038842275133 0.021271434122457897 0.0022634056161095627 -0.7760099346622195 -0.20308994739372194 0.14479009551849545 0.3321350207117333 0.1506033986000947 -1.0192099785426543 0.15746383828846608 0.6182282545653672 0.12971619654414052 0.21029566149877998 -0.6501215931775997 0.65759400706382 0.18401153503744597 0.4375896612171365 -0.4731454780079436 -0.6650139879095283 0.6290348357997685 0.8356651505525996 0.1136279959271989 0.4499530606206266 -1.2503773730466632 0.22678473465922597 -0.4737054129919048 -0.3098259400687823 0.22365037121219442 0.024617167304476432 -0.1675666492517123 -0.006935962032806078 -0.16100129892693493 -0.045037143870056334 -0.7415617723622061 -0.05519597752704607
0.5157442654799789
0.12259460504725052 0.11185105632355476 -1.3703193238354465 -0.8080681478488105 -0.02504010673920808 -0.034769451758416337 -0.24517600817392335 2.1599368233977967 1.80996938206757 -1.0062930829838854 -0.01697957319432117 0.06883429304748725 -0.5318323606817199 -1.0348297587040822 0.2639615989492663 -0.36750288772388434 -0.06272734860629091 -0.6921980858743286 -0.4427817244819276 -0.12789473831394974 0.5518010849950725 0.26333951627597263 0.7541712085162481 0.9541666770572869 0.30579605200215026 -0.153780300249019 -0.22106166892076784 0.6356531961183362 0.6524154271245471 0.16333727657250582 -0.3169476524696351 -0.20144922738316073 0.711055263746746 0.8674242874289894 0.48475907646589805 -0.1428993503416351 0.13538696166198783 0.02334679137694899 -0.15780178209718618 0.2597820030503362 -0.3643864792965793 -0.07136820104149881 -0.39486272729529187 -0.723046504613908 0.05460614450731796 -0.2462598858423095 -0.0895834240415435 -1.2328647962454249 -0.8678334804964263 0.24151597677508801
-0.4615052239633655
0.4841100504147551 0.06698188722155105 -1.9356230137238593 -1.273788605701022 -0.09466939370513061 0.12016794931634985 0.13855407688654361 0.09518763302145279 0.0376507447042821 -0.01472972586540789 -0.12775106080297333 -0.035512865382484604 0.39052638699387954 0.5353965385622116 0.3251863953989853 0.5005193092971864 0.13433946171047875 1.5242128200228502 1.5898764483590546 -0.016489079376561255 -0.2588129332891235 -0.14119260528084207 0.4638338423696647 -0.5966240168504604 -0.19132743017411327 -0.2232848846090776 -0.04056613243398336 1.2404219676135861 0.7069387175452573 0.25502707852031165 -0.27435737231640456 -0.1351640486730571 0.2701980185751382 0.8362412948933086 0.02920267303050971 -0.1254166849521465 -0.1915689350546686 -1.7274815378373158 -1.721764171763789 0.24202292028592445 0.33844954448222514 -0.029880528987734332 0.3293082169394181 0.3293888683937365 -0.013728139648572004 -0.009953902731017103 -0.1557547699599875 -0.8813499406514416 -1.0280533965466156 0.10761356517016729
-0.027558130246593888
-0.24508473868878244 -0.37111032209875583 1.973688744692132 1.4288561738914571 0.14308841515786955 0.018492095851927057 0.2250436938459797 0.9454889739186727 0.9161281390657261 -0.19030769370217807 0.2704889219259126 0.006271726143323865 1.3269185491119948 1.4291522472844822 -0.04410817816949364 -0.2113319034898087 -0.03238925895913657 0.01738182222706606 0.17652211544399313 -0.04273700220348815 -0.0834689262815179 0.155951828386476 -0.4279445987773777 -0.4818693145462048 -0.42392171087632524 0.2456514182631501 0.0029354926726790718 0.016427373919016837 -0.003192291303786578 -0.0313392007212669 -0.5409394058200416 -0.1534961119568441 -1.7657119657651517 -2.070218172656811 0.5304010391080572 0.07291093606890062 -0.1878390824700982 -0.17953030813222814 0.2245017318843337 -0.008853898196097826 7.248896130174554E-4 0.021212575323439356 -0.6031963275135739 -0.5993763816461926 -0.029081878473126734 -0.051275320581926936 0.07984343708506118 -0.8105353335492173 -0.3963315158285023 -0.21815701359082734
0.033600319348613246
-0.3382803005231713 -0.10292719558384086 -0.2431651989969964 -0.24492874537736428 -0.14388401941040196 0.4623172380521452 -0.03663406795606909 -0.8825457337329605 -0.5187259074718569 0.09221691901694588 0.25454809736143236 0.1604013116784124 0.5240416741507722 0.8051536017876789 -0.35929406312199547 0.16126336276180234 -0.143916401675027 -0.6907856503359858 -0.27083361172582926 -0.00508027951322513 0.289834811450868 0.39986295617535406 0.1821790905771529 1.3015936116651754 -0.18603728400002706 0.0781015913849299 0.060423321940898556 -0.20945553911886963 -0.5015591981066927 0.03927095154477719 -0.2742285464991482 -0.26687513650895883 -0.6014472327108432 0.5427481988952966 -0.25606976936921644 0.32653342353008563 0.17905345210435833 -1.381105844622782 -1.2920423510296677 0.30024220581207917 -0.6392847254464237 -0.43604477214107945 -0.2526121046992769 -0.49167983328929293 -0.1452265499458075 0.14522577556801888 0.08965411546773967 1.6304369217108168 1.1934508121945044 -0.021278176762029952
0.3101654314538426
-0.09491237028762005 0.013357995205558467 -0.23393245031675372 0.4788592018802516 -0.5839051356538787 0.2351934953564616 0.030838234740657902 -1.02830841906679 -0.1892042348713084 -0.22875534470356726 0.027822335535866497 0.09709146825577397 2.308812880909904 1.635209811908662 0.1314790733992557 0.1779847083707138 -0.022279474617964597 -0.17241750316616652 0.7853713630501487 -0.2782997061151007 0.4580131343368821 0.3414805541353158 -2.3586226137675514 -1.5501480684300264 0.6401994393903002 0.2730137477016379 0.13396450074787467 -0.581627951217257 0.24848105988845723 -0.36081364064456695 0.07529272881685255 -0.10485852802336694 -0.9349953137442217 0.21667003436706567 -0.3994083613636547 -0.10821664590133456 0.11394887257648034 -0.1868838746466801 -0.22250855913510661 -0.356348915021693 -0.026768790817192696 0.14729523149351004 -0.30618209018505516 -0.3588383898872624 -0.41286408298697025 -0.202680552677744 0.05139452060424609 0.17174208357404466 0.304706543296644 -0.42905393559785415
0.524687869942494
-0.1717804459675487 -0.09342400680259605 1.498319087397394 1.5366664981503966 0.1517620152269522 0.1919944544096085 0.1973326279538991 -1.3999963965836502 -1.33252509177995 0.6530386898192271 0.12040963714009814 -0.04394319526772652 -0.40012163639333326 -0.7812654794826589 -0.009671284132544191 0.05765276044282263 0.11607578774841502 -1.4346921083351982 -1.0340867788519859 0.11175552059101712 -0.17571371972108776 -0.13237141408950875 0.6182813196651107 1.2510813028249215 0.18090326979251495 -0.14182146033457915 -0.08378865285065351 0.06869008866407134 -0.14578357443324452 -0.006154250758618329 -0.0994875468524321 0.13603276787685278 1.0799848986396459 1.6541049622139936 -0.026805025760187055 -0.03644882475096074 -0.05870904525755618 -0.2934196523447564 -0.13910281933020543 -0.33638384781150227 0.34890286250728114 0.18638151679137013 -0.970824754029091 -0.7789907989181656 -0.040430326130014356 -0.076889899120605 -0.008251175183346567 0.6721244368245144 0.6774357134666603 0.01588496662660975
0.13343203046877644
-0.11235162369121693 -0.16659953580451725 -0.8769830278310392 -0.9829341560920825 -0.09048547793469397 0.00339585897123229 -0.12468268080114311 -0.5629889140758143 -0.5945400318134761 0.14655032551625866 0.41905744699738107 0.1844239612278352 -1.080679679217074 -0.906934760535512 0.011096648446166136 0.3385999532650743 -0.06752957295312491 -0.12157320300574277 0.06748906285758896 0.044821511340065234 0.06976899407398816 0.038909440461138235 0.17046503289730067 0.2799191570243081 0.09839778291090384 -0.2443614352126804 -0.5079208128171172 2.2925251111160874 1.640442636901705 0.09065799314362535 0.026262183683764317 -0.16440861277598545 -0.8402819181342795 -0.735730281437639 -0.22843797864538037 -0.009713498889504351 -0.23152610776233773 1.9503788560117137 1.4943207430806211 -0.07396565377729802 0.37672804763726964 0.10437392642787573 0.34458324295359183 0.725254412146191 -0.08169453848556678 -0.11381831705631094 -0.14646003381765743 -0.4096016633932958 -0.4524362903394668 0.002976539126189029
0.0500400188274579
0.12203166754140478 0.06366775564857882 -0.2923226010505556 -0.6315137548604508 0.06931837450843371 0.05521653219834375 0.12503317357704435 -0.12890867878885218 -0.5088071967605988 -0.07469388889415006 -0.1683458554431568 -0.1744486277703905 -1.5204206383973118 -1.3529880682306732 0.004876286902827345 -0.05068766554349257 -0.1815411765633023 1.9193616701109093 1.9081165425541777 -0.584603278685419 -0.15380407987470712 -0.3868310654503124 1.4774237361310603 2.030466748482965 0.19547681725553712 0.2997968082430304 0.019039431014363624 -1.504555451417139 -1.2389998736975913 0.07909680759025797 -0.29162742315235896 -0.11519008652971718 -0.07779457613526129 -0.41719688397584676 0.3176005737519889 -0.16859428612169552 -0.25148333110994747 1.4288138833362938 0.8702429347371685 0.07759024074222083 -0.013460343382955405 -0.08878601557772856 -0.43395401877151524 -0.25427734502205607 0.1369506880617193 -0.10343350336042287 -0.10720337313801286 0.13187623806339374 -0.3110061653714626 0.4758952706465964
-0.604978779136886
0.11656447949094428 -0.015091983429100843 1.3710785922479785 0.6512683339946794 0.7522337833879108 -0.4472343330990844 -0.20822539103167662 1.336802019493025 1.3985757268552272 -0.16929566440007132 -1.0108629974807124 -0.4363176740196656 -0.31428184441442764 -0.6145306320715119 0.5424311151144784 0.1375397634699184 -0.02692022735474168 0.23237838739235006 0.3067522871950829 0.3831501757268515 -0.08610328967673783 -0.13628840117057364 -0.9332579656646998 -1.0092632717781183 0.31840161848931803 -0.07231285066441243 0.030841077684292912 0.09260853629517592 -0.11133872206440125 0.6370888524187273 -0.20946959515871874 0.13896633110308593 0.33453414027523515 0.8142473557635932 -0.24785489770264604 -0.016269849477423548 -0.16210561019965014 -0.1863873332584132 -0.5651940369287284 0.14354917537094491 -0.02725905267499656 0.18658776811601369 0.06545049538102506 0.062205491332745964 -0.06618355408923617 0.2677311085205632 0.018224574999605905 -0.32766545051663226 -0.16884132823800604 -0.08760302842142231
-0.6116559323199771
0.02716647318682328 -0.1757612621395022 1.8588909122813233 1.9892945100575825 -0.6922894732246878 0.12662308581218362 0.14338769737245732 0.3100476859994938 -0.4018898237397603 0.4198198089486097 0.3969916982420071 0.2081128738129638 -2.096783032614801 -1.3435646804438046 0.1414007627319471 0.011655929957533942 -0.24675713030994084 -1.532548307103625 -1.826907376941595 0.21423832182313254 -0.11324157552400141 0.04356590501396969 0.7771799232058827 0.3892896699826492 0.11517166719415121 -0.02615507216224366 -0.10572236821807486 -0.1004044071695206 -0.21921312752735245 0.14998643044689322 -0.2829858797404946 -0.3468656461998132 1.0197843932824373 0.9986587971195351 -0.163940684848888 0.39845403310992733 0.011078518491058637 -0.5697123117722471 -0.9972488005580027 -0.0552320913434886 0.039585975874181216 -0.28980748211147384 -0.1652705293498487 0.016881171674511142 0.009152612815993937 -0.03321240241763 -0.061847990185339714 0.6949783957557123 0.6854880732747239 -0.196194456562055
-0.19442549852650573
0.1479951231225564 0.06691336593928647 -1.455610631423071 -0.9931530717859942 0.15341302297537496 -0.2210972121480696 -0.25909502103332954 0.45609606267150765 1.500097049384674 -0.3315902983798049 0.3675892826219628 0.1354226798461313 -1.3837323076347252 -1.0501240400892216 0.04743707633836552 -0.19158467142751373 -0.08283203731128182 -0.4727027663363648 -0.38524415410480256 0.27222329788666705 -0.13028505749518818 -0.26875540615725896 1.4870315434856474 1.7989548798025363 -0.2678850197716728 0.0410298187737366 0.1903424268068594 -0.3536533550967463 -0.4858479864465737 -0.0940290626161278 0.3246603294702029 0.2869883895230932 -0.7643688959207952 -0.6555353252058747 -0.1520693527676393 -0.3541621651543179 -0.2920952094654812 1.4787101771861586 1.492619321599503 0.08130511761116736 0.13008457420059116 0.05950276003342159 0.5661011326266568 0.19705249070211203 -0.24611066553395664 -0.04610304552797957 -0.11847089272796273 -0.4366381348890091 -0.3418705753693673 -0.006989427570569906
-0.06814540782776302
0.037398665203662085 -0.22423230146955522 0.7381672342230134 0.5988531723582264 -0.12164992818359237 -0.31805150497905943 -0.18807684653119522 0.8167910289251876 0.5774435551577453 -0.1407919766705741 -0.15491587394763065 0.060617435745666 -0.4758159622489045 -0.2688943078453424 0.483760800178457 -0.1634225047484612 0.05930096869029783 0.4526494276751804 -0.11459096688343912 0.4096324074556471 0.21390680240176085 -0.04146033638256351 -0.06017310158720626 -0.14629096140184997 0.2432314477641832 -1.0023540490300324 -0.3619945217603235 -2.077803676463401 -1.3160780202096873 -0.18354208728806015 0.21101312989426244 -0.15942983267488486 0.2574617507836121 0.8963466063839707 0.3337614962882782 0.06820989793045792 -0.01148845412652441 1.6024190239483715 1.473485385232154 -0.023715309080419477 -0.446049810987933 -0.17822135823773091 0.5217184670013972 0.2682813561030649 0.2671685176121624 0.27472196627781426 -0.03122010074813411 -1.7449337167552275 -0.9730526933189655 -0.3209876192584327
-0.3967885931507172
0.28972429569059877 0.1023073617170506 -0.976349813023696 -0.8740945385904332 -0.1967782059866401 0.06408101809488592 0.2479601981970357 -0.15157210618561517 -0.7490391625094492 -0.1591204600973221 -0.14172288282599457 -0.132644781894464 1.5079753053891056 1.3628992653707648 -0.18673568050246825 -0.2626508170241585 -0.23848372465536583 -1.5523839506993677 -1.1038420994977463 -0.21513464601606197 -0.09197610449830093 -0.06858241418247092 0.012627547763477413 0.08308940790253039 -0.03718185307449781 -0.4654473909328619 -0.3138301171116145 1.470607893737824 1.8238734391095406 0.2949373035103505 0.2929315785779455 0.21698186185626844 -1.4198164304341807 -1.3168625292340335 0.06463689919478682 -0.447773106162626 -0.1776017198848462 0.3386596810750801 0.7266451770884785 0.5326520137707872 0.14188501572509413 -0.12515965426031267 0.35016692676561223 0.18494339914513014 -0.13129778633079808 0.5567127120199729 0.07689633975784772 -0.0923341136911598 0.7138879798251907 -0.25347355863894155
0.0503823098299175
-0.20066852381316785 -0.13663970956577487 0.2780441439103876 0.10729421093227866 0.2895267052586826 -0.17555739159712427 -0.0665878059943178 0.8978981345888469 1.5682608379743612 -0.35010514431325296 0.2022285461435899 -0.08544371043802555 0.3116712065822926 0.71402519929169 -0.5704273195348936 0.18586889801669076 -0.11684081593918867 0.24411800007381987 -0.24586148323212326 -0.04644223498034584 -0.3251941036943533 0.1299715543495849 -0.5102831111044709 -1.0838772340570917 0.05317450961516607 0.14052098949717587 -0.1680072564093068 -1.8002703005014706 -1.0189827710071162 -0.17697102758260155 0.46834206012404744 0.2599833285470631 -1.017184228333494 -0.4367930473450567 0.0012598743964161582 -0.026814625874480063 -0.10096087560192885 -0.8846351137922083 -1.2140971974075492 0.2087697636206771 -0.27402379761181317 -0.31110608349717256 1.2901669027152471 1.8759666684747647 -0.17367231441449285 -0.33037979891318314 -0.151386116893203 0.009761398971597597 0.6546740426858269 0.22326749834544513
-0.3385294846160899
-0.055659287450419224 -0.009919216469529632 1.1430291651675424 0.9227628140904163 -0.26144981859272715 0.060808542051243406 -0.26505691243102353 -0.27441806182061784 -0.5351954669544801 0.4982724127289957 0.09488316788349732 -0.016117133050663493 0.0448822063387214 1.203787097594614 -0.36711034061077763 0.2702901174112612 0.4527595195136285 -0.6994864829844606 -0.7228808311966632 -0.17747843723249257 0.1086332821777627 0.058341294858568295 -0.894898488686057 -0.9169370834931337 0.32331639807102147 -0.44678713435437395 -0.4038550757780208 1.1838293503843813 0.6378878333099225 0.15362816398945908 -0.4619859226180278 -0.3215380900615058 -0.8510052388201267 -0.4009198248049927 0.32029748636779093 0.3950059268322637 0.2628679197668072 0.3348390063434491 0.3830352664912226 0.13134528079165353 0.05227397708109059 -0.30347959814050834 0.826391322050125 1.1677059507227523 -0.5037223970740564 -0.05845547371491371 -0.10279180809610629 -1.8858285776291848 -1.4415703148383594 0.19462047551247516
-0.2026223965349065
0.08638574748619912 -0.14361520687011745 0.24905996980862988 0.15892524672641864 -0.042370963797363194 0.06221223882493536 0.12763949521275497 -0.46003260493863185 -1.4002034068310192 0.3342224869632993 0.13810585127577782 0.1948409753814155 -1.3025979201468854 -1.5894497597575716 -0.0026256668438566447 -0.24309491388554808 -0.09274151221861089 1.8132271098945263 1.1217349867463393 -0.15233731265882994 -0.10497013733197572 0.16670714217513508 -0.374377183011068 -1.0802600057253973 -0.07387878074532658 -0.03831113042403456 -0.06123545537181411 0.7807646270663717 1.0987166300416455 0.14689434926004397 0.28670223800324546 0.07391111043575709 1.212726011137402 1.3499317362874164 -0.029210382164017265 -0.23710132615884857 -0.051853303183370225 0.9419631963487021 1.0972978708733303 0.5458629422404662 0.0799943266914683 -0.007434773674376604 -1.5729362025178497 -1.198513657206918 -0.4119518041489504 -0.10531616329023132 0.005043757341004686 -0.4381707531590886 -0.16311949610975424 0.12733846770579144
-0.07435180088695434
-0.09372580466323051 0.385476543818586 0.20120252382926673 -0.0036637087857641078 -0.22528651466271743 -0.6181183528865196 -0.5064030002408297 0.33836475739575156 0.49934165146932374 -0.841585283361031 -0.22439815436776547 0.08455459950177822 0.23806203402665896 -0.5985453897988998 0.16379282981058374 -0.042530150186814705 -0.1190032745856408 -0.09646248570243991 -0.8242551963610285 0.28114064650397913 -0.34124567768917047 0.21670123847072914 0.2406925010876254 -0.32270515817326156 0.4213765950948503 0.47235532511361233 -0.1805261007972272 -0.2827722187830617 -0.6103359078034364 0.11567701118091554 -0.6556302294798987 -0.2872650832642936 -0.10778128104080244 -0.422409953951561 0.2867388869377046 0.07572326330727362 0.49799290996051804 0.005391385978763497 -0.2712955713336312 -0.3265650807585283 0.5663985620221197 -0.16910480023822735 0.12544832474635934 -0.3530566680993983 -0.07750193827710199 0.05055366849973803 0.12369434700390551 0.2060555539504327 -0.3424351079631353 0.09387321989848514
0.25333419474699864
0.1600317301695867 -0.14766574503919294 0.8493454374604356 0.5962895483503838 0.23352887825343205 -0.9602189367690174 -0.47864457056356613 -1.0474877160629044 -0.7081308903770119 0.058884338676814516 0.5821870859223074 0.35240181959069034 0.9344362466747617 1.9047337944600562 -0.06768426776284217 0.1912585528064678 0.11147516599747688 0.19884270600758316 0.39227837875872096 0.42520101685740924 -0.1412848156491864 -0.30031448009558015 0.3244082238392399 0.1720112194264342 0.2571231522509496 -0.009469153559594086 -0.1378003107712736 -0.9146054994254957 -0.4362867304790296 -0.1267150899075224 0.2810166087635826 0.04987593614479428 -0.5737810175794555 -0.6720406199251326 -0.006353064695572051 -0.2902730357627107 -0.010239762390693451 -1.1402381506726014 -0.725061324130185 0.06083398574359885 0.16530726402173448 0.04970280327621449 -0.6800239934648993 -0.916569249001714 -0.1697903892905586 -0.17364765739461013 -0.5225895900536 1.692524496994797 1.3300730622835994 0.38114655371392925
-0.09930289224947507
-0.14557425973767826 -0.154782959774212 0.7703179020253358 0.17104708439944766 0.44932540487015343 -0.007025236511056034 -0.20553041951513712 -0.6648150569080212 -1.1341038625361661 0.5805498119087711 -0.582559955155669 -0.32672523827453154 2.03839340125243 2.2704020877342077 -1.0012994402731448 0.11507099025312482 -0.015465087979186639 -0.1420484188082257 -0.1201458418216835 -0.2445076990011872 -0.05853486895663182 -0.17940741959684783 2.0312695576131206 1.28110220341969 -0.03082468049975557 0.29805704911568265 0.11261636175585642 -0.7409336646469542 -0.059976562208642045 0.5953470179954159 -0.21927399435321449 -0.014283399316735125 0.4539630906564788 0.10423248713001843 -0.11940947628414988 -0.2927248068131771 -0.08701458153010913 -0.6460385740439886 -0.4611668606972616 0.19172989843293906 -0.1767271201810675 0.059758768418708245 -0.6163719090901554 -0.12705972368947901 0.2501701328911301 0.10705266353559932 -0.040032379017255315 -2.142800857431378 -1.1725508045300777 -0.2781069787577905
-0.4064767638460712
-0.20697398787252907 0.021759112056099567 -0.6065492180485904 -0.49053162892090735 0.1629625782061791 0.1768521065367301 -0.06540099747902059 1.445321464546532 1.6799442029928915 -0.11843395697386049 0.3378371408771257 0.18178791661844054 -0.4558142321723195 -0.07106235292480963 -0.5813127606309622 0.24204968063249588 0.21538858213610493 -2.085185310353285 -1.3876289321716817 -0.33396954014647207 -0.5495214812088564 -0.29366532919316013 -1.8559754672406195 -1.3286782546316818 0.05410732773285578 0.04901995292889876 0.02497663478322845 0.795051158891129 0.7398796101456807 0.06707712573371216 0.028333647278210625 0.13849572461699014 1.382200617005385 1.2365288683432607 0.05283534237394651 -0.07695718548008276 -0.0036092289693596185 1.2318052757191933 1.059248385337575 0.06094835512451602 -0.20294864964355983 -0.07127415176022527 -0.5495326123965493 -0.650873570345664 0.09548231339579642 -0.22971161284507555 -0.025810629409154642 -0.423344984891936 -0.38033874383940025 -0.05882244218137463
0.12171927194091797
0.281474869987815 -0.04878380094408117 0.8235201608794567 1.1416049932004309 -0.10634182373126314 -0.07755450218725433 -0.15165376517255222 0.6058435241191201 0.7786035040668494 -0.07569103341281004 -0.30641538123958223 -0.16287993700687214 0.11587180989193314 -0.8411256085520981 -0.024709456608156117 -0.44444520071758076 -0.23137124394548156 -0.7745342584957666 -1.1385292508912541 0.433406665182528 -0.29932482645134656 -0.27232927298397364 -0.16726813848317498 0.15786049153823956 0.5023946354561474 0.4941454722939353 0.32556384234639235 0.9809677918843144 1.8473810548024803 -0.4147830900310824 -0.049076837364511884 -0.1423533817089632 -0.5070227790235265 -0.6918433437964611 0.08284071107587153 -0.13816080088215707 -0.15792942587302577 -1.28667360137853 -0.5868315113796934 -0.009848804893331245 -0.13984142020716608 -0.12211288745422061 -0.24973641258970938 0.7221059166571574 0.6660311075318418 -0.26383068197049164 0.03608746273054307 -0.34970940883025625 -0.30266772522723767 0.5218030332469956
-0.2618267928355436
-0.059471208599643575 -0.1600146107592379 -2.4031854834346196 -1.9765607767632893 0.26144772049680287 -0.04558436801510196 -0.13776354980988062 0.11832448691716621 -0.13127755406350827 0.1701585284699569 0.027265743610143715 -0.18193841506555003 0.08532842169054526 0.2473220432915762 0.17139322002067076 0.47912217449723155 0.1299076957296102 -0.8120543282255791 -1.0114493313085393 0.424179100525795 -0.09098258731354947 -0.012565333311454605 0.4401911907487725 -0.18112744221781144 0.1319133410824809 0.14421409071989755 -0.034347876484074565 -1.1006275345679226 -0.5578312905858988 0.22727049829895374 -0.3108746882225084 -0.03199191605379308 0.37359418200738786 0.2814677790308005 0.3178171680060777 0.07104922794858544 -0.054225575029104446 0.5436391655058147 0.302720664581039 0.3465794667818916 -0.5456446890324723 -0.28458581483520257 0.28339921128726286 0.48365867239227917 0.4707541854418477 -0.2169641715395117 -0.24223762069689203 2.4318868663807125 2.631027647161011 -0.6967362699771099
-0.3432306803243395
0.47560500144468026 0.5502265077260665 -0.2596638190142509 -0.978680888750854 -0.0284955129445813 0.47257380942239996 0.4427385196932211 1.2717443639256447 -1.3152442929036832 -0.10961120168411413 1.4827296782109798 1.1242254747256766 2.176140115272456 -0.9651030781876261 1.3310413627430824 0.1756176813898529 0.31399504789945676 0.7431966395033037 -1.1307408543434279 0.20680105764269063 0.5331658381704117 0.48245931167900113 -0.2641918719266799 -1.0152244725676214 -0.4044654167072418 0.7077620066960189 0.7299901653442185 -0.11002776487817485 -1.2471005223302172 0.23237151526961153 0.3919160317429738 0.4246587433710725 0.9296755234558463 -1.0059627141262597 0.4583519736405522 0.8163991512454288 0.7584473625050705 1.1009864474555844 -1.1979360826170904 -0.030075085339846593 1.0427209495491117 0.8320919125395941 -0.0496257112597446 -1.3109893026531387 0.3727778057303907 0.7622639989668397 0.44655598123796897 0.17551186109994377 -1.0404379030208193 0.2035767230308506
1.390811361440426
0.8526201837946407 0.567786463057402 0.5737382902935921 1.2583995967749113 -0.38554713147905956 0.2864479917945582 0.13023104451642684 -1.4341208901736664 -1.3334686459323086 0.11880932776445295 0.3598903843926656 0.2548805918853569 -0.5404566842392311 -0.5942372020837303 -0.40684618925614324 -0.3831928650489993 -0.2249459921422781 0.50547729124979 1.071125680991205 0.11445797812155734 -0.1910454508103158 -0.037961119235052854 -1.0465427574640724 -0.18748198636970814 0.10363244652853441 0.08133063175397715 0.14168194002022144 -0.6370006970493739 -0.49445776712528045 -0.13070970726463169 -0.1799859331355275 0.30731892919010106 -0.6202300167924252 -0.17353143484103997 0.6274234468453598 -0.5259540550189055 -0.11178682089559432 0.46182380375247994 0.09049601398229778 0.2990570330330376 -0.5470557019943797 -0.26679675031863653 1.4818785820412772 0.924853924013849 0.20260061494998924 -0.024586840486842645 0.16119846814403027 -0.43102537141459185 -0.6170397138088466 0.12637071323271468
0.05021754655176144
-0.1680769955517859 0.0856977076008466 -0.26831721163936056 0.589753088135542 0.23645042954927728 -0.02906308269344663 -0.46733531844665893 -0.7550581618925246 -0.203120418135313 0.21361620245242718 -0.2776648514582434 -0.49520259268671346 0.6990958143425462 0.3816003867955135 0.0020691685584980513 -0.5508551638015416 -0.4416541994987564 0.2571379421894085 -0.009213809954934028 -0.06706886717120111 -0.025743424117779575 0.2787644685926916 -0.09538028678165367 0.057125706620691545 -0.17025144405600784 0.3188886608301545 0.10526557789810967 -0.25165266196312946 0.337032589914951 0.12095561106341263 0.19419278926567393 0.06829729180344438 0.13616105557712924 0.49860478215566556 -0.19541089185836008 0.2537192942939137 -0.08413495370290315 0.21623524629828444 -0.01747278154269345 -0.3833437656742601 -0.05420991741865388 -0.21123082835529855 -0.003960551193257337 0.4505325785119437 0.2388096504356854 -0.4275714050897707 -0.20530561199882336 0.3167425423407517 -0.13599426709085138 0.279291499665915
0.0762830826446102
0.241844593580047 -1.4742697325086649 -0.15275918281316173 -0.8753144415680704 -0.9487333843445378 -0.40343909620294754 0.9365978574887023 -1.1184614095491723 -0.2925365440852936 0.6828712448957058 -3.521372039263721 -2.430662273432919 1.3228495622786076 -2.1550404249835644 0.3764923814142544 -1.1667869687900687 -1.0638856555550498 1.6637205754074387 0.03327188526202434 1.342513750104421 1.7073037592017777 -1.187400018174237 -1.5395060471254804 0.752300163439288 1.1260540621423771 -0.8890115908365024 0.10027264513508144 -0.26903143644227595 -0.8963895589157035 0.917706066508999 0.24535152259659113 0.38001905192715213 0.9902074268737047 -0.622765173367237 -0.4598336083651768 0.6479446304302766 -2.8342627442779698 -1.9435634840488376 1.3773001953822621 0.29281517981950095
0.10192940459625945
0.5062798695862332 -0.5605041674725264 -1.4499997119601964 -0.23296418713142483 -0.3826186334838376 0.07628247734386594 1.107734719213982 0.49672663865043887 -0.21493495939789492 -0.0023378616699807754 -2.980478004864001 -0.34138094064036517 1.8287312465478738 -1.1248521764718036 0.361013293091502 1.7792127997069702 0.29937949821815923 1.3920429445346303 0.6833341400539207 0.76707010819653 -1.0896564873956485 -0.4598110437680632 -1.4553916886930445 0.6185921630433642 -1.013961964810755 1.5930348391963267 -0.1774439614556039 -0.4078256893647502 0.9407195935345923 -1.2418962731463883 -1.7547915066826687 0.47860802348617426 -1.2508696723059367 -2.293067774428348 2.15696482078617 0.134435977888118 -1.1001851868312444 -1.7127643706975884 -1.071962086272674 -0.4207729244875883
-0.03560134601593834
-1.9922952621956258 0.4071532749139572 -1.3882764649864725 -1.5558647606426543 1.524993913455819 -1.27099990933453 -0.11625974950246185 0.4307691620178155 0.4213062974282451 -1.2504538816981805 -3.9399961808085937 -0.21469589082497154 0.48942629363659307 -0.1104625876734616 -0.05972239817582573 -1.1723884331563075 -0.24673164248728838 1.35315200512693 1.1535933246054348 2.1741387798044896 0.025499546463010832 -0.5705897049464129 -2.1022267872936458 -1.6531029467973994 -1.9254310322825525 -0.8123074442779967 -0.9138125728676404 1.3999798949610742 0.3246218593608487 0.2718843333676571 -1.5445990195640695 0.04954757930978861 1.4632971974730258 0.8903711108890907 0.4469352495380658 -0.46883152700383973 -1.0536242963867528 -0.11132778698207318 0.03179225846284042 0.014074632287384984
-0.5562618534266002
0.47216793997504397 0.14579705201404508 -0.2129677127617869 -0.7339580314004067 0.2559558159245376 -0.25801374671448596 0.08370669206442834 -1.2579948888972319 0.61784584969394 1.8067254815449167 -2.9250473282927536 1.2049327066197966 1.4454676593266391 -0.9607658740158904 0.4967064014267983 -0.8927155314221102 1.9553173170966278 -0.043811498399612354 0.5651801478540878 1.9662838053882923 -1.2463624338686914 0.6123941691667506 1.2312209489439725 -0.009822798097439493 -2.6518802333067777 -0.4590668094174333 -0.31569936693827655 -1.7526704712597703 -0.4642767398552306 -0.9988455807001788 1.173463996189114 -0.5606550495653789 0.32672375975500156 -1.15578812972761 -1.2156650086646317 -1.4005281212766365 -1.399052944451887 -2.3621194939566164 0.7015083362081405 -0.33426836376851826
0.03500357985035063
-0.7961213935175908 0.33076314536610973 -1.6656872245417518 -0.9962177234352841 -1.1203051503853352 -1.2662122861343095 1.2902004324180103 -0.919906844731128 0.09066897628834861 1.300697083717199 -2.6266606207649428 -1.6533458902951388 0.6322855708666534 0.8022597815766939 0.061777916496680844 1.251077343435123 -0.2981502934343493 -0.10608556883398738 2.2129307529914475 -0.6076479352919648 1.854876566798968 0.3943859154252878 0.6681615190829998 -1.4158323152527297 -0.01208729601117599 2.163949304835473 -0.3092977616937429 0.04723984094251096 -1.294877629402108 -1.663081690463167 -1.24671474989321 0.37555303164956544 0.3229458925394992 0.989798067226233 -1.870623288696903 -0.7636846872538301 -0.8740245633643394 -1.928926989337814 -0.7227166479842811 0.052794345999278035
0.2524316140545956
0.259231165800165 -0.887164728326225 -1.9139705002460619 1.9602467415323928 -0.48071505750929716 -0.6985018304169583 -0.03938422039433205 -2.2444019942161257 1.7292731739727703 1.0973395462715974 -3.3701018637836984 -0.9977880102302432 -1.3879261615542369 -0.3080467047508088 0.30963735967364403 -0.005292035685073667 0.7783242734017405 0.8782424576145011 -0.17694414571556705 1.5267424005503696 0.1204446552518358 1.6372746398203135 -1.7705074001892258 -0.49793293606369443 -0.8654713347059447 -0.5014880162469417 -2.4489673050877614 1.2376685814570823 -1.4951124230401545 -0.05307877683559074 0.6240461401717088 -0.4217948638530776 -0.30690523444700446 -1.1614088029843044 0.7526517568086074 1.3527420443553264 -1.2994026490715676 -1.5201757884555933 -0.3329248264613066 0.14122293300714225
-0.4766020339186203
-1.2448555334348181 1.024410578923266 -0.5865320489087458 0.325685360002869 1.8376228736610642 -1.5145087114259448 1.396184448049291 -1.8639140122135431 0.005717176871324002 -2.130648921755772 -2.84347115382825 -0.38527009311743216 0.446253173891844 -0.7875769846718251 0.25187923646374505 -0.18154539505405817 0.502159175070476 -2.2248290927773335 0.845379655872503 0.8998430420139963 2.155689801642414 -1.0229336709929138 -1.4948191211546002 0.11001190027365186 0.12711740913858058 0.2379036300567658 0.41756392662664327 -1.3488422166783236 -0.741537864701368 -1.6814740502465217 1.334783512803657 0.04626946393677209 0.09184428645742611 -0.6444085148606618 1.5212022554672 -1.0409426346475699 -0.6764548204191644 -1.6709277218715526 -0.3279634514777587 0.7790974707995769
0.1368062864088064
-2.4908235096255904 -0.5506381765538819 0.6240126507804334 -0.30445888443398345 -0.1997143076108428 -0.0357057390043832 -1.2884647681295218 0.515968525649848 1.9394255783566712 0.401236054518907 -3.003424073647886 -1.7455562239268712 1.4038140752644497 -0.9150580248437117 -0.2917391459325591 -0.8891442282973587 -2.1258028312699397 0.192649377695451 -0.5121994575185901 1.1307566806350577 0.15288078301776215 2.239130689139974 0.6866831295189476 -0.9504256856881267 -1.4650455568599197 1.2579529316415428 1.3116261219243144 0.1517835144346814 -1.8609048312323937 0.09473805291034086 0.4891126001714824 0.07019072282282937 -1.1172958107932807 -2.008345942685927 0.98706624646746 -1.3553120339506515 -0.3938610921169457 -0.8969386228736059 -0.35534895663413985 0.22427564741890535
-0.0808357463030685
-1.0215562098415214 1.028824743928638 1.177684631894356 0.3071646500879619 -1.563677007412358 -0.7736780447435688 1.5547023536379372 -2.0512999641886123 0.7600255097908285 -1.510723414041995 -3.0088541731984026 -0.6741162948794169 2.014448199030423 1.287483374762204 0.9575370706525023 -1.3392801081821828 0.7046208372857541 -0.8745043627623339 -0.49736854093454524 0.14467222362489976 -0.28374183040941353 1.3739883732216251 -1.5197218732726931 -0.07372293235247437 -0.891702925356406 0.6263936326197221 -0.5910997964214013 0.41213127893089363 1.2951980965051353 0.6077442158085218 -2.286020175826325 0.08323077805828485 -0.7322640182337123 -1.1364108623059241 -0.9559193801802659 0.1325028997588438 -0.6710405968310584 -1.1096095182074888 1.0096719810086214 0.19421683799041267
-0.18161039556855052
-1.2925306486135144 -1.0904135891314026 0.9914769460795889 1.8667793716315013 -1.7612448485352292 -0.3499061319239488 0.9200666331103549 1.1008326720391084 0.32586618585584076 0.426941191374243 -3.0713978953666983 1.382809958883567 0.8819903114673475 -1.1331813142524245 0.3777103013007923 -1.1445127366868584 -1.4196158778520338 -0.6112116363733981 1.8894893802353727 0.4807421905225834 0.7583499955704055 -0.8483916456973054 -1.179034108208869 0.1347978336113492 -0.423048748365628 -0.4190124134119786 -1.196305891902023 1.2080730390671182 -0.49561078110503726 -1.5465850404376786 -0.513065386751481 0.0015667413745036136 0.982317881269691 -2.2384300671727178 -0.6728106985674868 -0.642121796737392 1.6582550764130464 -1.5400389079904353 -0.5229422155012253 -0.5665779454879043
-0.15659181708805145
-1.677445681106649 0.5649131852422156 -0.9284071964737831 -0.1576319183506322 0.3931347497079744 -0.4453930872904152 -0.12464633857897435 1.2106326456468146 -0.5894474933669741 -0.34888464913234585 0.021084201470389266 0.9711281605499036 -0.6356859909505055 1.206450647785999 0.5555114960218152 0.8332838788063869 1.8813880176734028 -2.0361339197587633 -0.526551318307548 -0.0069775477192158064 -1.6674131821309601 0.3621520084990189 -0.2328197931211949 -1.2371112255629555 -1.1588220486599816 0.9552085714814692 -0.7256511430102266 0.5135847163794334 -1.2248450848403596 -0.5864319300036378 -0.2563590629028395 0.6074617715922762 -0.8863292735581924 -1.234644221649972 -0.17023193403460096 -0.8607874961623765 1.8052454121800756 0.00423281080753454 0.24687685277261176 -0.1896728993975687
-0.4127322940425504
-0.5974754100352944 -0.4808464154400809 0.7634968105967231 0.1426806110175238 -0.4907502796580603 -0.6264237697700455 -0.32293391946390576 -0.542270913010388 0.32667761407419765 -0.8296733548205472 0.02768142690947822 -0.5297965005993663 -0.176471643371706 0.06904175140263862 0.3434702757036261 -1.7889641722425662 -0.1464990037737201 -0.534239023911426 0.6210362426901316 0.42830786833416673 0.9236477290485852 0.546137847157263 0.2315972298484381 -1.9003760887978998 -0.052037536431694086 -1.1110212525385343 -1.2383977664158152 0.45576227119293616 -1.392761547225348 0.20151739848805583 0.7986766234679761 -0.8194963379115532 -0.7413373832880894 0.7349959680368034 -1.1135164962566086 -1.211067985765173 -0.3614495008718645 -0.03244836832933478 1.173131418108707 0.14566400055819181
-0.26984349460918294
1.4797546391188139 -0.3853890543647493 0.5661079254384803 0.7678309204670665 -1.1978494380062936 1.5059395231210149 0.3564433546690133 -1.228827310328234 -0.5183776943949747 -0.05464722183741679 0.5093853536464487 0.7320193543969742 -0.6629767124679663 -0.3801469481207891 0.47668997373290256 0.33447373596050683 -0.585358819334071 -0.9810208032509987 -0.1771542354011755 -2.08152600271096 -0.016679888681652152 1.2793471794177205 0.38333379486102714 -0.7619075886121541 1.592134269839972 0.6152508716866627 -0.7211577607464463 -1.2724111340971473 -0.03554277082976032 -0.013707567001041787 1.1961290539361817 0.31496123012718763 -0.7250977099243454 -1.686782421918191 0.8033868216207645 -0.5712704306347453 -0.38831326002024136 -2.293115888759995 0.8820896059110724 -1.3001253380331834
-0.07460982660786941
-1.1021920104857785 -0.7799879133509976 0.0036401429154585647 0.04057557476854141 -0.9284318391855061 -0.9493434078620764 -0.2282533773213314 -0.0830225257802304 -0.40096272654892395 -0.9886955375737202 0.04362390623846553 -2.525715424857608 -0.43814572757103715 -0.06268700963669063 0.6042626793546836 0.03362646372083511 -0.4964271719637626 -0.2933909042011177 0.16253449340263895 -0.02442846217275038 1.0365913370755189 0.20814890029319716 -1.0674163303887263 -0.1738609383725011 1.4387751803099011 0.14457156869972704 -0.6814374129505092 0.8665722823606495 -0.09376178839784724 0.6859925506466346 -1.6798478628106843 0.3717524680344193 -0.31234203622381024 -0.010638004784071238 1.8075219957616895 0.030646446707457673 0.6640216300898425 -0.006746806736669993 -1.0339552211513736 -0.8036306513771846
-0.17163084696619343
-1.4852069795372762 -2.098146023113906 0.893691459135 0.3910465796301743 1.0231467608286706 0.9809212746912762 0.1293005054367807 -0.8883277480804281 0.3294096463970755 -1.1557666010770058 0.052964094110114934 0.8493048183107048 0.032201586556699954 -0.4470217780775311 0.6936226804480375 -0.6323773716548128 -0.37796021286369325 0.41850276009357434 -0.5982553157533822 1.328367753602117 -1.0830446149299193 -0.05972230904609123 -1.4841451909481993 0.7850707557080394 -1.0660897064566046 -2.016670956895089 -0.17645590662373536 -0.46601920285807646 0.29850427519441075 0.5201827625179289 -0.08477363266844867 -0.09635155926054535 -0.5469823934102368 -1.4734869559039272 0.6184765081865932 -0.7048523853314287 -0.4892014929538734 0.5224538057198009 0.1427704731680685 -0.17320656856874347
-0.5464695869708143
-0.7990210672716835 1.3103790995702669 0.7060076473062845 -1.5761292466958523 -1.193463072643084 0.8342889034507573 -0.2180967287137073 0.5801772317608809 -0.017976108427771847 -1.8223446732975648 -0.11317616271871703 -0.8457963466677841 1.442660374146194 -0.74993377783991 1.632464097537648 -0.7595755405177076 -0.9167552057974016 0.09412593943614853 0.012984923598582516 0.567000675880909 -0.016658400696234307 -2.1289824483879136 1.0817028345808695 -0.6528110426422827 -0.3786138801832584 0.28193716870766894 0.7740699081860813 -1.9507075582870506 0.758731006409197 -1.828110668470081 -0.8819542581680632 0.6408384620331149 0.5839149803270132 -0.07768165918197804 -0.7864046922232045 -1.0975517733497204 0.34004638687226607 0.11901185107706623 0.3751811367189128 -0.12198946764678203
-0.3510443592986004
0.4700706364617044 -1.211364060612473 -0.2735759938012806 -0.6511266944448888 -1.951650097235872 0.19644495370151235 -0.8872280562050945 0.3788904327337281 -0.6293472008056655 1.7673222933545274 0.5376960744854686 -0.31765890370697 0.179474130220917 0.6766633595419463 1.2292605830972512 -1.4089731827323273 -0.8558942956098288 0.9455374976532488 -0.5843826314286962 0.1598829199119147 -1.1067073476286007 0.48537550423265197 -0.3632955553727864 -0.7792136209156705 -1.1571757439833392 0.873674553336435 -0.6061532627654523 1.4097195087066803 0.6807989744834076 -0.4251430816981149 -0.695294397571327 -0.3356072288030439 0.5030651621369255 -0.8519062374977564 -1.1919541951824169 0.15610124835907999 -1.044098447723377 -0.5676476625543343 0.020515812171707986 -0.03688829029292686
-0.09641884221249991
1.5872913171914282 -0.32459815465987524 -1.4632221857562133 0.4759321182682996 -0.661450089227069 -1.3083584876608372 0.30877859635349597 -1.117804101377434 -0.7453517954233251 -0.11306114117055434 0.4690296504167297 1.363125579974723 0.28206793967058996 1.1274496369575833 1.2262461949677532 -0.33449414745104133 1.369489613955553 -0.18574089054490783 0.8962218196626789 -0.15825976282894152 0.680000205845858 -1.7746256996043666 -1.666888628721488 0.22762435740473133 0.5897208133660717 -1.4569718492610884 -1.4377200716036957 -1.11236704891511 0.2295351365382079 -0.10500708665821097 -1.4678233355630743 0.28532339199246365 0.44170557722128934 0.07652387823185226 -0.970800832652821 0.43614631284884475 -0.5473470082308757 -0.7376718020747915 -0.9432532278506612 0.1286254277912024
-0.11873198265935456
-0.6093001725275459 -0.8123539116880023 -1.3029768785316755 -1.1093180851374045 0.6008579675929222 -0.2641927477629147 0.6128496471558338 2.06987973167327 -0.018256220771048513 0.8388561883381551 0.8471886666222751 0.1410547404603397 -0.5196469324323624 -2.1077777094143153 0.42443915610284566 0.027271217023854103 -0.46489631055838354 0.8021978581600476 -0.3988252424132777 0.06151854101026387 1.4814288345097202 0.07953059113703001 -0.39287612141853406 0.18340081364552785 -0.5355963308253013 -0.2804672679448948 -1.0755860380203932 -0.3029284337662177 -2.2141685465876613 -1.727994529250744 1.4549445258273237 0.7212547109560453 1.0663778741612961 -0.43384140686404965 0.29848223932878687 -0.9826055795396517 -1.7971778089892987 -0.7925558315688138 -2.17216059558815 -0.010274520273922415
-0.09410538426019081
0.8892991258489059 1.9432418796632605 -1.7208402306053585 -1.4432752006881602 1.2026572212024131 0.12919826677172588 0.2018229362935787 -2.103906100628137 0.2523642147414929 0.32848725330775963 0.36931591446223516 -2.3841738036936038 0.1662775994199167 -0.18159078727876887 0.7316189199040448 0.465631410058089 0.6705186943831758 0.7840428021093112 -1.3901527260088904 -0.3105059737696209 -0.48710692851404663 -0.008131718698490671 -1.3136378943163285 0.1971158280028951 -0.7693366582044574 -0.1794793676679095 1.3404028646111847 -0.024222062410335764 -0.9785351045312808 0.49862945132018016 -0.16303675180740607 0.6018068632013419 -1.7895624799782675 1.4419962656982654 -0.16243777010588897 -0.27397960904205354 -2.242731972809767 -0.6060840913803734 0.38376657308812495 -0.5666815709155593
-0.3552530785641874
